ADAL,AIYL,1
ADAL,AVAL,1
ADAL,AVBR,1
ADAL,AVHL,1
ADAL,AVKL,1
ADAL,AVL,1
ADAL,IL1VL,1
ADAL,PVCR,1
ADAL,PVNL,1
ADAL,PVQR,1
ADAL,RIAL,1
ADAL,RIGL,1
ADAL,RIGR,1
ADAL,SAADR,1
ADAL,SABVL,1
ADAL,SIADL,1
ADAL,SIAVR,1
ADAL,SIBVL,1
ADAL,URYVR,1
ADAR,ADAL,1
ADAR,ADER,1
ADAR,AIZL,1
ADAR,AS2,1
ADAR,AVHR,1
ADAR,DA3,1
ADAR,DB2,1
ADAR,PQR,1
ADAR,RIAR,1
ADAR,RIBL,1
ADAR,RID,1
ADAR,RIH,1
ADAR,RIMR,1
ADAR,RIVL,1
ADAR,RMDVL,1
ADAR,RMGL,1
ADAR,VD1,1
ADEL,ADAL,1
ADEL,AIAL,1
ADEL,AIYR,1
ADEL,ASHL,1
ADEL,AVBL,1
ADEL,AVKL,1
ADEL,AVKR,1
ADEL,BAGR,1
ADEL,CEPDR,1
ADEL,CEPVL,1
ADEL,DB1,1
ADEL,MCL,1
ADEL,MCR,1
ADEL,PHCL,1
ADEL,PHCR,1
ADEL,PVCR,1
ADEL,PVNR,1
ADEL,RIBL,1
ADEL,RIH,1
ADEL,RMEL,1
ADEL,RMFR,1
ADEL,SABVR,1
ADEL,SIAVR,1
ADEL,SMBVR,1
ADEL,VD10,1
ADEL,VD2,1
ADEL,VD5,1
ADEL,VD9,1
ADER,ALML,1
ADER,AS5,1
ADER,ASIL,1
ADER,AVEL,1
ADER,AVJL,1
ADER,AWAR,1
ADER,AWCR,1
ADER,DB3,1
ADER,OLLR,1
ADER,RIAR,1
ADER,RIGL,1
ADER,RIML,1
ADER,RIPL,1
ADER,RIR,1
ADER,SABVL,1
ADER,SIADL,1
ADER,SMDVR,1
ADER,VB3,1
ADER,VC1,1
ADER,VD2,1
ADFL,ADER,1
ADFL,AS2,1
ADFL,DD3,1
ADFL,FLPR,1
ADFL,IL1VR,1
ADFL,MI,1
ADFL,RMGL,1
ADFL,URYDL,1
ADFR,AS8,1
ADFR,AVAL,1
ADFR,AVFR,1
ADFR,M3L,1
ADFR,NSMR,1
ADFR,PLNL,1
ADFR,RIBL,1
ADFR,RICR,1
ADFR,RMDL,1
ADFR,RMED,1
ADFR,SAAVL,1
ADFR,SMBDR,1
ADFR,VB8,1
ADFR,VD4,1
ADLL,AIAL,1
ADLL,AIYL,1
ADLL,AVHR,1
ADLL,DD1,1
ADLL,DD2,1
ADLL,I2R,1
ADLL,IL1L,1
ADLL,M2R,1
ADLL,PHBR,1
ADLL,PVCL,1
ADLL,PVNL,1
ADLL,PVR,1
ADLL,RIMR,1
ADLL,RIVR,1
ADLL,RMGR,1
ADLL,VA7,1
ADLL,VA8,1
ADLL,VB5,1
ADLR,AIZL,1
ADLR,AS5,1
ADLR,ASHL,1
ADLR,AVBL,1
ADLR,AVEL,1
ADLR,AVKL,1
ADLR,DB6,1
ADLR,DVA,1
ADLR,M3L,1
ADLR,PDER,1
ADLR,PVM,1
ADLR,PVT,1
ADLR,PVWL,1
ADLR,RIFL,1
ADLR,VA2,1
ADLR,VB1,1
AFDL,DD2,1
AFDL,I1L,1
AFDL,SIADR,1
AFDL,VB5,1
AFDR,ADEL,1
AFDR,AVER,1
AFDR,DB7,1
AFDR,SMBDR,1
AIAL,ADAR,1
AIAL,AS11,1
AIAL,ASHR,1
AIAL,AVL,1
AIAL,AWCL,1
AIAL,IL1R,1
AIAL,PDA,1
AIAL,RIBR,1
AIAL,RIFR,1
AIAL,SABVL,1
AIAL,SDQR,1
AIAL,SIAVR,1
AIAL,SMDDL,1
AIAL,URYVR,1
AIAL,VB9,1
AIAR,AINL,1
AIAR,AIYR,1
AIAR,AVHL,1
AIAR,AVKL,1
AIAR,DA3,1
AIAR,M5,1
AIAR,RIFR,1
AIAR,RMDVR,1
AIAR,SAAVR,1
AIAR,VB5,1
AIAR,VB6,1
AIAR,VB8,1
AIAR,VC3,1
AIBL,AIZR,1
AIBL,ASHL,1
AIBL,DA4,1
AIBL,DA9,1
AIBL,DB2,1
AIBL,DD5,1
AIBL,IL1VR,1
AIBL,IL2R,1
AIBL,IL2VR,1
AIBL,PDEL,1
AIBL,RIGR,1
AIBL,RMDDL,1
AIBL,RMDVL,1
AIBL,RMFL,1
AIBL,SMBVR,1
AIBL,SMDVL,1
AIBL,VC2,1
AIBR,AIAR,1
AIBR,ALML,1
AIBR,ALNL,1
AIBR,CEPVL,1
AIBR,HSNL,1
AIBR,HSNR,1
AIBR,I2L,1
AIBR,PVNR,1
AIBR,RIH,1
AIBR,RMEL,1
AIBR,RMEV,1
AIBR,SIBVL,1
AIBR,SMDDR,1
AIBR,URYVR,1
AIBR,VA7,1
AIBR,VB3,1
AIBR,VB9,1
AIBR,VD5,1
AIML,AIBL,1
AIML,AIZR,1
AIML,AQR,1
AIML,ASER,1
AIML,AVAR,1
AIML,AVHR,1
AIML,DB7,1
AIML,DD1,1
AIML,DVA,1
AIML,IL1DL,1
AIML,LUAL,1
AIML,M2L,1
AIML,OLQDL,1
AIML,PVCR,1
AIML,RIH,1
AIML,RIPR,1
AIML,RMDVR,1
AIMR,AIZR,1
AIMR,AVDL,1
AIMR,AWBL,1
AIMR,CEPVL,1
AIMR,I6,1
AIMR,LUAL,1
AIMR,NSMR,1
AIMR,RMHL,1
AIMR,SABVL,1
AIMR,SMBDR,1
AIMR,VA5,1
AIMR,VB8,1
AIMR,VD3,1
AINL,AIAL,1
AINL,AVBR,1
AINL,AVDR,1
AINL,MCL,1
AINL,RIBR,1
AINL,RMDVR,1
AINL,SABD,1
AINL,SMDDL,1
AINL,VA8,1
AINR,ADAR,1
AINR,AIBR,1
AINR,AVJL,1
AINR,DA1,1
AINR,DB5,1
AINR,DVC,1
AINR,IL1DL,1
AINR,PVCR,1
AINR,PVT,1
AINR,RIH,1
AINR,RIS,1
AINR,SMBDR,1
AINR,VD11,1
AIYL,AIBR,1
AIYL,AS2,1
AIYL,AVDL,1
AIYL,AWBL,1
AIYL,IL1DR,1
AIYL,RIAL,1
AIYL,RIFL,1
AIYL,RMDVL,1
AIYL,SMBVR,1
AIYR,AWCR,1
AIYR,DD2,1
AIYR,IL2VR,1
AIYR,OLQDR,1
AIYR,RICL,1
AIYR,RICR,1
AIYR,RIML,1
AIYR,RMEL,1
AIZL,ADER,1
AIZL,AIYL,1
AIZL,AVDL,1
AIZL,AVDR,1
AIZL,AVJL,1
AIZL,AVL,1
AIZL,DD2,1
AIZL,I3,1
AIZL,RMER,1
AIZL,RMFR,1
AIZL,SMDVL,1
AIZL,VA11,1
AIZL,VA2,1
AIZL,VD10,1
AIZL,VD5,1
AIZR,ADAR,1
AIZR,ASKL,1
AIZR,ASKR,1
AIZR,AVAR,1
AIZR,AVM,1
AIZR,DB5,1
AIZR,PQR,1
AIZR,PVNL,1
AIZR,RIGL,1
AIZR,RIVR,1
AIZR,RMDL,1
AIZR,SABVR,1
AIZR,SDQR,1
AIZR,SMDVR,1
AIZR,VA2,1
ALA,AIBR,1
ALA,AVAL,1
ALA,DD1,1
ALA,DD5,1
ALA,PHBR,1
ALA,RMDVL,1
ALML,DA8,1
ALML,DB1,1
ALML,DD4,1
ALML,HSNL,1
ALML,IL2R,1
ALML,PVM,1
ALML,PVNL,1
ALML,RIPL,1
ALML,RIPR,1
ALML,RMDL,1
ALML,SAADL,1
ALML,URXL,1
ALMR,AVBL,1
ALMR,DA8,1
ALMR,HSNL,1
ALMR,I1L,1
ALMR,RIPL,1
ALMR,RIR,1
ALMR,VD12,1
ALNL,AVAL,1
ALNL,SAADL,1
ALNL,SMDDR,1
ALNR,AS1,1
ALNR,ASKR,1
ALNR,AVFL,1
ALNR,AVM,1
ALNR,RIGR,1
ALNR,VD1,1
AQR,ALNL,1
AQR,AS6,1
AQR,ASHR,1
AQR,BAGR,1
AQR,HSNR,1
AQR,IL1VL,1
AQR,M3L,1
AQR,PVCL,1
AQR,RIAL,1
AQR,RIBL,1
AQR,RMDDL,1
AQR,RMEV,1
AQR,SIAVL,1
AQR,SMBDL,1
AQR,SMDVR,1
AQR,VA3,1
AQR,VD4,1
AQR,VD5,1
AQR,VD9,1
AS1,ASHL,1
AS1,BAGR,1
AS1,RIAL,1
AS1,RIBL,1
AS1,RMDVR,1
AS1,SIAVR,1
AS10,CEPVL,1
AS10,PVT,1
AS11,RMDDL,1
AS11,SABD,1
AS11,SMDDL,1
AS2,DA4,1
AS2,DB2,1
AS2,HSNL,1
AS2,RMGL,1
AS2,VB10,1
AS3,AIBL,1
AS3,AVJL,1
AS3,IL1VL,1
AS3,OLQVR,1
AS3,PLNL,1
AS3,RIAR,1
AS3,VD13,1
AS3,VD4,1
AS4,AVL,1
AS4,DB3,1
AS4,PHBR,1
AS5,AIZL,1
AS5,ASJR,1
AS5,DVC,1
AS5,RMEV,1
AS5,RMHR,1
AS6,AVBL,1
AS6,PVT,1
AS6,RIBR,1
AS6,RIFR,1
AS6,RMDVR,1
AS6,VA12,1
AS7,DA5,1
AS7,RMEL,1
AS7,RMGR,1
AS7,URBR,1
AS8,AVFR,1
AS8,SIBVL,1
AS9,AVJL,1
AS9,PHBL,1
AS9,RIGR,1
ASEL,AVAR,1
ASEL,OLLR,1
ASEL,PVCL,1
ASEL,PVQL,1
ASEL,RMDVR,1
ASEL,SABVR,1
ASEL,VA3,1
ASEL,VA8,1
ASEL,VD2,1
ASER,AVJL,1
ASER,AVL,1
ASER,DA8,1
ASER,OLLL,1
ASER,PHAL,1
ASER,PVR,1
ASER,RIBL,1
ASER,RIFL,1
ASER,RMEV,1
ASER,RMGR,1
ASER,SABD,1
ASGL,AQR,1
ASGL,AVAL,1
ASGL,AVDL,1
ASGL,AVKR,1
ASGL,DA2,1
ASGR,AUAR,1
ASGR,HSNR,1
ASGR,RIBR,1
ASGR,VD1,1
ASGR,VD6,1
ASHL,ADAR,1
ASHL,AIBR,1
ASHL,AWCR,1
ASHL,DA4,1
ASHL,DB2,1
ASHL,DD6,1
ASHL,DVC,1
ASHL,I2R,1
ASHL,IL2R,1
ASHL,M5,1
ASHL,OLLR,1
ASHL,RMEV,1
ASHL,RMHL,1
ASHL,VB10,1
ASHL,VC4,1
ASHL,VD10,1
ASHR,ADAL,1
ASHR,ADER,1
ASHR,AS11,1
ASHR,AVBL,1
ASHR,AVJR,1
ASHR,AWAR,1
ASHR,BAGR,1
ASHR,DVC,1
ASHR,IL1DL,1
ASHR,M2R,1
ASHR,M4,1
ASHR,PDEL,1
ASHR,PVDL,1
ASHR,SMDDR,1
ASHR,URYVR,1
ASHR,VA11,1
ASHR,VA6,1
ASIL,AQR,1
ASIL,AVBL,1
ASIL,AVDR,1
ASIL,DA4,1
ASIL,HSNR,1
ASIL,M3L,1
ASIL,RIBL,1
ASIL,SIBDL,1
ASIL,VA9,1
ASIL,VB9,1
ASIR,AVBL,1
ASIR,AVJL,1
ASIR,DB4,1
ASIR,LUAL,1
ASIR,MCL,1
ASIR,RIFR,1
ASIR,RMDVR,1
ASIR,URADR,1
ASJL,AIAR,1
ASJL,AVKR,1
ASJL,M5,1
ASJL,VA2,1
ASJL,VA5,1
ASJR,AFDR,1
ASJR,HSNL,1
ASJR,RIBR,1
ASJR,RMGL,1
ASKL,ADFR,1
ASKL,SIADR,1
ASKL,URYDL,1
ASKL,VA10,1
ASKL,VA8,1
ASKL,VD12,1
ASKR,AIAR,1
ASKR,IL2R,1
ASKR,NSML,1
ASKR,PHBR,1
ASKR,RIML,1
ASKR,RMDL,1
ASKR,RMDR,1
ASKR,VA8,1
ASKR,VC3,1
AUAL,AIAL,1
AUAL,DB2,1
AUAL,DD1,1
AUAL,MI,1
AUAL,NSML,1
AUAL,PVCR,1
AUAL,SMDVL,1
AUAL,VA12,1
AUAR,ALML,1
AUAR,ASEL,1
AUAR,BDUL,1
AUAR,DA5,1
AUAR,OLQDR,1
AUAR,RID,1
AUAR,RMDVL,1
AUAR,SAADR,1
AUAR,SIAVL,1
AVAL,ADAL,1
AVAL,AFDR,1
AVAL,AIBR,1
AVAL,AIYL,1
AVAL,AIYR,1
AVAL,AIZR,1
AVAL,AS2,1
AVAL,ASGR,1
AVAL,ASIR,1
AVAL,ASKL,1
AVAL,ASKR,1
AVAL,AVFL,1
AVAL,AVHL,1
AVAL,AVJR,1
AVAL,AVL,1
AVAL,AWCL,1
AVAL,BAGL,1
AVAL,BDUL,1
AVAL,CEPDR,1
AVAL,DA6,1
AVAL,DB2,1
AVAL,DD4,1
AVAL,I6,1
AVAL,IL1R,1
AVAL,IL2R,1
AVAL,LUAL,1
AVAL,M2R,1
AVAL,OLLL,1
AVAL,PDA,1
AVAL,RIBL,1
AVAL,RIBR,1
AVAL,RICL,1
AVAL,RICR,1
AVAL,RMDL,1
AVAL,RMDVL,1
AVAL,RMDVR,1
AVAL,RMEL,1
AVAL,SABVL,1
AVAL,SDQR,1
AVAL,SIAVR,1
AVAL,SIBVR,1
AVAL,SMDDL,1
AVAL,SMDDR,1
AVAL,SMDVL,1
AVAL,VA4,1
AVAL,VB2,1
AVAL,VB3,1
AVAL,VB5,1
AVAL,VB6,1
AVAL,VC1,1
AVAL,VD9,1
AVAR,ADFR,1
AVAR,AIYL,1
AVAR,AIYR,1
AVAR,ALA,1
AVAR,AS7,1
AVAR,ASER,1
AVAR,ASHL,1
AVAR,ASJR,1
AVAR,ASKL,1
AVAR,AVBL,1
AVAR,AVHR,1
AVAR,AVKL,1
AVAR,AWCL,1
AVAR,AWCR,1
AVAR,DD4,1
AVAR,DVA,1
AVAR,DVC,1
AVAR,HSNL,1
AVAR,HSNR,1
AVAR,I2L,1
AVAR,I5,1
AVAR,IL2L,1
AVAR,M3L,1
AVAR,M3R,1
AVAR,M4,1
AVAR,NSMR,1
AVAR,OLQDL,1
AVAR,OLQVR,1
AVAR,PDA,1
AVAR,PDB,1
AVAR,PDEL,1
AVAR,PHCL,1
AVAR,PVCL,1
AVAR,PVCR,1
AVAR,PVPR,1
AVAR,PVR,1
AVAR,PVT,1
AVAR,RIGR,1
AVAR,RIML,1
AVAR,RIMR,1
AVAR,RMDR,1
AVAR,RMEL,1
AVAR,RMEV,1
AVAR,RMFL,1
AVAR,SAADR,1
AVAR,SABD,1
AVAR,SIADR,1
AVAR,SIAVL,1
AVAR,SIBVL,1
AVAR,SMBDL,1
AVAR,SMDVL,1
AVAR,URYDR,1
AVAR,VA4,1
AVAR,VA9,1
AVAR,VB2,1
AVAR,VB4,1
AVAR,VD2,1
AVBL,ALA,1
AVBL,AS11,1
AVBL,AS4,1
AVBL,ASGR,1
AVBL,AUAR,1
AVBL,AVBR,1
AVBL,AVFL,1
AVBL,AVHL,1
AVBL,AVKL,1
AVBL,AVKR,1
AVBL,AWAL,1
AVBL,AWAR,1
AVBL,DA3,1
AVBL,DD1,1
AVBL,DD6,1
AVBL,DVC,1
AVBL,I2L,1
AVBL,IL1VR,1
AVBL,M1,1
AVBL,M4,1
AVBL,MCL,1
AVBL,MCR,1
AVBL,OLQVL,1
AVBL,PDA,1
AVBL,PDER,1
AVBL,PLML,1
AVBL,PVCL,1
AVBL,PVR,1
AVBL,RIAL,1
AVBL,RID,1
AVBL,RIVL,1
AVBL,RMFL,1
AVBL,RMHL,1
AVBL,SAADL,1
AVBL,SDQR,1
AVBL,SIBVR,1
AVBL,SMDVL,1
AVBL,VA11,1
AVBL,VA8,1
AVBL,VB2,1
AVBL,VD1,1
AVBL,VD13,1
AVBR,AIAR,1
AVBR,AIYR,1
AVBR,ALML,1
AVBR,ALNR,1
AVBR,AUAL,1
AVBR,AWAL,1
AVBR,CEPVL,1
AVBR,DA3,1
AVBR,DB5,1
AVBR,DB6,1
AVBR,DD4,1
AVBR,I2L,1
AVBR,MCR,1
AVBR,OLQVL,1
AVBR,PHBL,1
AVBR,PQR,1
AVBR,PVNR,1
AVBR,PVPR,1
AVBR,PVQR,1
AVBR,PVT,1
AVBR,PVWL,1
AVBR,RIAR,1
AVBR,RICL,1
AVBR,RIGR,1
AVBR,RMDDR,1
AVBR,RMED,1
AVBR,RMEL,1
AVBR,RMEV,1
AVBR,SAAVR,1
AVBR,SDQR,1
AVBR,SIADR,1
AVBR,SMBDR,1
AVBR,SMBVR,1
AVBR,SMDVL,1
AVBR,URADR,1
AVBR,URXR,1
AVBR,URYDR,1
AVBR,URYVL,1
AVBR,VA12,1
AVBR,VD7,1
AVDL,ADEL,1
AVDL,AFDL,1
AVDL,ASHR,1
AVDL,AVAL,1
AVDL,AVBL,1
AVDL,AVBR,1
AVDL,AVDR,1
AVDL,DB1,1
AVDL,LUAL,1
AVDL,M3R,1
AVDL,M4,1
AVDL,MI,1
AVDL,NSML,1
AVDL,PDA,1
AVDL,PDB,1
AVDL,PVCL,1
AVDL,RICL,1
AVDL,RIR,1
AVDL,RMHL,1
AVDL,SMBDR,1
AVDL,SMBVR,1
AVDL,VD1,1
AVDL,VD13,1
AVDR,ASEL,1
AVDR,ASHL,1
AVDR,AVAR,1
AVDR,AVEL,1
AVDR,AVJL,1
AVDR,CEPDL,1
AVDR,DA3,1
AVDR,DA9,1
AVDR,DD2,1
AVDR,DVB,1
AVDR,DVC,1
AVDR,OLLR,1
AVDR,PVPR,1
AVDR,RIFL,1
AVDR,RIGL,1
AVDR,RIGR,1
AVDR,RIML,1
AVDR,RMDVL,1
AVDR,RMDVR,1
AVDR,RMER,1
AVDR,RMGR,1
AVDR,SAADR,1
AVDR,SMBDR,1
AVDR,SMBVL,1
AVDR,URADL,1
AVDR,VB6,1
AVDR,VB9,1
AVDR,VD7,1
AVEL,ADLL,1
AVEL,AFDR,1
AVEL,AIAR,1
AVEL,ALA,1
AVEL,AWAR,1
AVEL,AWCL,1
AVEL,BAGR,1
AVEL,DA3,1
AVEL,DB3,1
AVEL,OLQDR,1
AVEL,PDA,1
AVEL,PHCR,1
AVEL,PVT,1
AVEL,RIBR,1
AVEL,RIFL,1
AVEL,RIPL,1
AVEL,SAADR,1
AVEL,SMDDL,1
AVEL,SMDDR,1
AVEL,VA4,1
AVEL,VD4,1
AVER,AIYR,1
AVER,ASEL,1
AVER,ASER,1
AVER,ASIL,1
AVER,AUAL,1
AVER,AVFR,1
AVER,AVKR,1
AVER,DA8,1
AVER,DB5,1
AVER,I1L,1
AVER,I2L,1
AVER,I2R,1
AVER,LUAL,1
AVER,M3L,1
AVER,M5,1
AVER,NSMR,1
AVER,PVR,1
AVER,RID,1
AVER,RMDVR,1
AVER,RMEL,1
AVER,SAADL,1
AVER,SAADR,1
AVER,URAVR,1
AVER,VA5,1
AVFL,DA4,1
AVFL,DB4,1
AVFL,DD1,1
AVFL,M3R,1
AVFL,MI,1
AVFL,PVCL,1
AVFL,RIBR,1
AVFL,RIGL,1
AVFL,RMDVL,1
AVFL,RMEL,1
AVFL,RMEV,1
AVFL,SAAVL,1
AVFL,VD10,1
AVFL,VD2,1
AVFL,VD3,1
AVFR,AVBL,1
AVFR,AVDL,1
AVFR,AVER,1
AVFR,CEPDL,1
AVFR,DB1,1
AVFR,DD2,1
AVFR,MCR,1
AVFR,OLLR,1
AVFR,PVCR,1
AVFR,PVQR,1
AVFR,SABD,1
AVFR,SMBDL,1
AVFR,VA4,1
AVG,ADLL,1
AVG,AIBL,1
AVG,AINL,1
AVG,AS4,1
AVG,AS5,1
AVG,AS8,1
AVG,CEPDL,1
AVG,DVA,1
AVG,DVB,1
AVG,LUAR,1
AVG,PVCR,1
AVG,RMDVL,1
AVG,RMEV,1
AVG,RMGL,1
AVG,RMGR,1
AVG,SDQR,1
AVG,VA9,1
AVG,VB2,1
AVG,VB7,1
AVHL,ADLL,1
AVHL,AIAL,1
AVHL,AIBL,1
AVHL,AQR,1
AVHL,AS11,1
AVHL,AVAL,1
AVHL,AVDR,1
AVHL,CEPVR,1
AVHL,DA1,1
AVHL,DB2,1
AVHL,DD6,1
AVHL,M3R,1
AVHL,PVCL,1
AVHL,PVNL,1
AVHL,SABD,1
AVHL,VA9,1
AVHL,VD5,1
AVHL,VD7,1
AVHR,ADAL,1
AVHR,ADAR,1
AVHR,AIBR,1
AVHR,AVEL,1
AVHR,DA6,1
AVHR,I5,1
AVHR,I6,1
AVHR,RIGR,1
AVHR,RMED,1
AVHR,SAADL,1
AVHR,SIAVL,1
AVHR,SIBVR,1
AVHR,SMDVL,1
AVHR,VA6,1
AVHR,VD3,1
AVHR,VD5,1
AVJL,AIML,1
AVJL,AS4,1
AVJL,ASGR,1
AVJL,AVBR,1
AVJL,CEPDL,1
AVJL,DA2,1
AVJL,DD1,1
AVJL,IL1L,1
AVJL,M5,1
AVJL,MI,1
AVJL,PVCL,1
AVJL,PVQR,1
AVJL,RMDVR,1
AVJL,SIBVR,1
AVJL,SMBVL,1
AVJL,VA11,1
AVJL,VD7,1
AVJR,ADLL,1
AVJR,ASER,1
AVJR,AUAR,1
AVJR,AVAR,1
AVJR,AVDL,1
AVJR,DA9,1
AVJR,OLLL,1
AVJR,RIGR,1
AVJR,RMER,1
AVJR,SIAVR,1
AVJR,SMDVR,1
AVJR,VB2,1
AVKL,AIML,1
AVKL,ASHR,1
AVKL,AVKR,1
AVKL,DA1,1
AVKL,DA5,1
AVKL,DB1,1
AVKL,DB4,1
AVKL,DB5,1
AVKL,DD5,1
AVKL,I2L,1
AVKL,I6,1
AVKL,M3L,1
AVKL,MCR,1
AVKL,PVT,1
AVKL,RID,1
AVKL,RIGR,1
AVKL,RIH,1
AVKL,RIPR,1
AVKL,RMDDL,1
AVKL,RMDDR,1
AVKL,RMDL,1
AVKL,RMDR,1
AVKL,SMDDR,1
AVKL,SMDVL,1
AVKL,URADL,1
AVKL,URXL,1
AVKL,VD10,1
AVKL,VD3,1
AVKR,ADLL,1
AVKR,AIZR,1
AVKR,AVBL,1
AVKR,AVDL,1
AVKR,AVFR,1
AVKR,CEPDL,1
AVKR,DA9,1
AVKR,M3R,1
AVKR,PVPR,1
AVKR,PVR,1
AVKR,RID,1
AVKR,RMDR,1
AVKR,SABVL,1
AVKR,SIADR,1
AVKR,VC3,1
AVKR,VD11,1
AVKR,VD13,1
AVKR,VD5,1
AVL,AIYR,1
AVL,ASKR,1
AVL,DA5,1
AVL,DB4,1
AVL,IL2L,1
AVL,M3L,1
AVL,PQR,1
AVL,PVQR,1
AVL,RIBL,1
AVL,RIMR,1
AVL,RMFL,1
AVL,RMHR,1
AVL,SMBDL,1
AVL,VB2,1
AVL,VD5,1
AVM,AIAL,1
AVM,AIYR,1
AVM,AVAR,1
AVM,AVEL,1
AVM,DA8,1
AVM,IL1VL,1
AVM,PVQR,1
AVM,RIBL,1
AVM,RIFL,1
AVM,RIPL,1
AVM,RIS,1
AVM,RIVR,1
AVM,RMEV,1
AVM,SAAVR,1
AVM,VB11,1
AVM,VC3,1
AVM,VD1,1
AWAL,AS3,1
AWAL,CEPVL,1
AWAL,DB3,1
AWAL,I5,1
AWAL,MI,1
AWAL,PVCL,1
AWAL,PVQR,1
AWAL,RMDL,1
AWAL,SIBDR,1
AWAR,AS10,1
AWAR,AS5,1
AWAR,AVFL,1
AWAR,CEPVL,1
AWAR,DB4,1
AWAR,DVA,1
AWAR,IL1DL,1
AWAR,OLQVL,1
AWAR,PDEL,1
AWAR,RMER,1
AWAR,RMHR,1
AWAR,URYDR,1
AWAR,VA12,1
AWBL,ASIL,1
AWBL,DD4,1
AWBL,M3L,1
AWBL,MI,1
AWBL,PHCL,1
AWBL,PVQR,1
AWBL,RIBR,1
AWBL,RIMR,1
AWBL,VD7,1
AWBR,AIBR,1
AWBR,AIYR,1
AWBR,ALML,1
AWBR,AVBR,1
AWBR,DD6,1
AWBR,OLQDR,1
AWBR,PVCR,1
AWBR,PVNL,1
AWBR,RIPR,1
AWBR,RIVR,1
AWBR,RMDDR,1
AWBR,VB8,1
AWCL,AVKL,1
AWCL,DB4,1
AWCL,DB5,1
AWCL,I1L,1
AWCL,I5,1
AWCL,LUAL,1
AWCL,RIFR,1
AWCL,RIGR,1
AWCL,VD6,1
AWCR,AIYR,1
AWCR,AUAL,1
AWCR,AVDL,1
AWCR,AVFL,1
AWCR,MI,1
AWCR,RIAL,1
AWCR,VD2,1
BAGL,AIBR,1
BAGL,AS5,1
BAGL,AVDL,1
BAGL,AVJL,1
BAGL,AVKL,1
BAGL,CEPVR,1
BAGL,I1L,1
BAGL,I4,1
BAGL,PLNL,1
BAGL,URYDL,1
BAGL,VD1,1
BAGR,ADER,1
BAGR,AVBR,1
BAGR,DD4,1
BAGR,IL1VL,1
BAGR,PVCR,1
BAGR,PVT,1
BAGR,VA2,1
BAGR,VD2,1
BDUL,AVJR,1
BDUL,BDUR,1
BDUL,HSNR,1
BDUL,RIH,1
BDUL,URADL,1
BDUL,URXL,1
BDUL,VD3,1
BDUL,VD7,1
BDUR,AS4,1
BDUR,AVAL,1
BDUR,AVKR,1
BDUR,BAGL,1
BDUR,DD6,1
BDUR,DVA,1
BDUR,RIAR,1
BDUR,RIMR,1
BDUR,RMDDR,1
BDUR,SAADR,1
BDUR,VD6,1
CEPDL,AIYL,1
CEPDL,ASEL,1
CEPDL,AVDR,1
CEPDL,AVHL,1
CEPDL,AVHR,1
CEPDL,DVA,1
CEPDL,DVB,1
CEPDL,HSNL,1
CEPDL,MI,1
CEPDL,PDER,1
CEPDL,PLNL,1
CEPDL,RIBR,1
CEPDL,RIGL,1
CEPDL,RMDDR,1
CEPDL,SIBVR,1
CEPDL,VB2,1
CEPDL,VD2,1
CEPDL,VD5,1
CEPDR,ADFR,1
CEPDR,AIAL,1
CEPDR,ASHR,1
CEPDR,AVDR,1
CEPDR,AVFR,1
CEPDR,AVHR,1
CEPDR,DA6,1
CEPDR,DB3,1
CEPDR,DD6,1
CEPDR,IL2R,1
CEPDR,RIAL,1
CEPDR,RIAR,1
CEPDR,RID,1
CEPDR,RIGL,1
CEPDR,RIGR,1
CEPDR,RMDDR,1
CEPDR,SAAVL,1
CEPDR,SIAVL,1
CEPDR,SMDDL,1
CEPDR,VB10,1
CEPDR,VD4,1
CEPVL,AIYL,1
CEPVL,AWAR,1
CEPVL,BAGR,1
CEPVL,DA8,1
CEPVL,DVC,1
CEPVL,LUAR,1
CEPVL,RIBR,1
CEPVL,RIGL,1
CEPVL,RMDR,1
CEPVL,SMDDL,1
CEPVL,SMDDR,1
CEPVL,VA5,1
CEPVL,VA9,1
CEPVR,ADAR,1
CEPVR,AS3,1
CEPVR,DB5,1
CEPVR,IL1L,1
CEPVR,OLQVL,1
CEPVR,PVQR,1
CEPVR,RMDR,1
CEPVR,RMFL,1
CEPVR,SAADR,1
CEPVR,SABD,1
CEPVR,SMDDL,1
CEPVR,URYVR,1
CEPVR,VB4,1
CEPVR,VB9,1
CEPVR,VD1,1
DA1,ASIL,1
DA1,DVC,1
DA1,PLNL,1
DA1,PVPL,1
DA1,RIBL,1
DA1,RMDVR,1
DA1,SMDVL,1
DA1,VA2,1
DA2,ADAR,1
DA2,AWCR,1
DA2,DA5,1
DA2,I4,1
DA2,PVNR,1
DA2,SIAVL,1
DA2,VB10,1
DA2,VB4,1
DA2,VB9,1
DA2,VD5,1
DA3,AVDL,1
DA3,M3L,1
DA3,PHBL,1
DA3,RIGL,1
DA3,RIPL,1
DA3,VB2,1
DA3,VD2,1
DA4,AFDL,1
DA4,AIZR,1
DA4,AWCR,1
DA4,RICL,1
DA4,RIGL,1
DA4,SMDVR,1
DA4,VA4,1
DA4,VC1,1
DA4,VD10,1
DA5,AIBR,1
DA5,AVDR,1
DA5,AVKR,1
DA5,CEPDR,1
DA5,IL1DL,1
DA5,IL1R,1
DA5,RMFL,1
DA5,VD13,1
DA6,AVJR,1
DA6,RIAL,1
DA6,RMER,1
DA6,VD12,1
DA6,VD5,1
DA7,AUAR,1
DA8,AIBR,1
DA8,RMDR,1
DA9,ADLL,1
DA9,AS2,1
DA9,ASIR,1
DA9,AUAL,1
DA9,IL1DR,1
DA9,RICR,1
DB1,AUAL,1
DB1,AVAR,1
DB1,AVBL,1
DB1,DD2,1
DB1,DD3,1
DB1,OLQVR,1
DB1,PHBL,1
DB1,PVNL,1
DB1,RICL,1
DB1,RID,1
DB1,RIML,1
DB1,RIMR,1
DB1,RMDVR,1
DB1,SDQR,1
DB1,URYVL,1
DB1,VD12,1
DB2,AVJL,1
DB2,DD6,1
DB2,I3,1
DB2,IL1R,1
DB2,M3L,1
DB2,PLML,1
DB2,PVWL,1
DB2,VA2,1
DB2,VD11,1
DB3,AVHR,1
DB3,AWAR,1
DB3,DA4,1
DB3,DD4,1
DB3,OLQVR,1
DB3,PVQR,1
DB3,RIML,1
DB3,RIS,1
DB3,URYVR,1
DB3,VA8,1
DB3,VB4,1
DB3,VD3,1
DB4,ASHR,1
DB4,PHCR,1
DB4,RIAR,1
DB4,RIGR,1
DB4,RMDVR,1
DB4,SDQR,1
DB4,SMDVL,1
DB4,URAVR,1
DB5,CEPVR,1
DB5,RIS,1
DB5,VB7,1
DB6,AVAR,1
DB6,HSNR,1
DB6,VA9,1
DB7,AS5,1
DB7,DB5,1
DB7,RIPL,1
DD1,ASJR,1
DD1,AVM,1
DD1,M3L,1
DD1,PVT,1
DD1,VB6,1
DD2,AVBL,1
DD2,AVDR,1
DD2,PVWR,1
DD2,RIAL,1
DD2,RIGL,1
DD3,AIZR,1
DD3,RMHR,1
DD4,DB6,1
DD4,I1L,1
DD4,URYVR,1
DD5,AVBR,1
DD5,RMFL,1
DD5,SAAVL,1
DVA,ADEL,1
DVA,ADER,1
DVA,AIAR,1
DVA,ALMR,1
DVA,ASEL,1
DVA,ASER,1
DVA,AVBL,1
DVA,AVDL,1
DVA,AVKL,1
DVA,AWBR,1
DVA,CEPDL,1
DVA,CEPVL,1
DVA,DA3,1
DVA,DA5,1
DVA,DD2,1
DVA,DD5,1
DVA,I6,1
DVA,M3L,1
DVA,NSML,1
DVA,PDA,1
DVA,PLMR,1
DVA,PVQL,1
DVA,PVQR,1
DVA,RIAL,1
DVA,RIAR,1
DVA,RICR,1
DVA,RIPL,1
DVA,RMDR,1
DVA,RMDVL,1
DVA,RMGR,1
DVA,URXL,1
DVA,VA10,1
DVA,VA11,1
DVA,VA4,1
DVA,VA5,1
DVA,VB5,1
DVA,VD5,1
DVB,AIBL,1
DVB,AVER,1
DVB,AVHL,1
DVB,AVL,1
DVB,AWCL,1
DVB,DD3,1
DVB,HSNR,1
DVB,RMDDL,1
DVB,SMDDR,1
DVB,VA1,1
DVC,ADAR,1
DVC,ADEL,1
DVC,AFDR,1
DVC,AS4,1
DVC,AVAL,1
DVC,DA3,1
DVC,FLPL,1
DVC,PVCL,1
DVC,RIAR,1
DVC,RIBL,1
DVC,RICR,1
DVC,RIMR,1
DVC,RIS,1
DVC,RMDL,1
DVC,SABVR,1
DVC,SIBVR,1
DVC,SMBDL,1
DVC,SMDDR,1
DVC,VC4,1
DVC,VD5,1
FLPL,AUAL,1
FLPL,AUAR,1
FLPL,AVBR,1
FLPL,DA3,1
FLPL,I6,1
FLPL,M1,1
FLPL,PVR,1
FLPL,RIBR,1
FLPL,RIR,1
FLPL,RMDDR,1
FLPL,RMDVL,1
FLPL,RMED,1
FLPL,VB5,1
FLPR,ADFR,1
FLPR,AVBL,1
FLPR,AVJL,1
FLPR,IL1R,1
FLPR,MCL,1
FLPR,NSML,1
FLPR,PHBL,1
FLPR,PVCR,1
FLPR,RIBR,1
FLPR,RIGL,1
FLPR,RMHL,1
FLPR,SIAVR,1
FLPR,SMBDL,1
FLPR,VA8,1
FLPR,VB1,1
HSNL,AINR,1
HSNL,AIZL,1
HSNL,AQR,1
HSNL,AVBR,1
HSNL,DA6,1
HSNL,DA8,1
HSNL,DB7,1
HSNL,MCL,1
HSNL,OLQDR,1
HSNL,PVQL,1
HSNL,PVR,1
HSNL,RIPR,1
HSNL,RMDDR,1
HSNL,RMEL,1
HSNL,SIBVL,1
HSNL,VA9,1
HSNL,VD6,1
HSNR,AIAL,1
HSNR,AIZL,1
HSNR,AIZR,1
HSNR,AS10,1
HSNR,AS2,1
HSNR,AS3,1
HSNR,AVBL,1
HSNR,AVBR,1
HSNR,AVDR,1
HSNR,AVHR,1
HSNR,AVM,1
HSNR,I1L,1
HSNR,M5,1
HSNR,PHBL,1
HSNR,PLML,1
HSNR,PVCL,1
HSNR,PVNL,1
HSNR,RIAR,1
HSNR,RMFL,1
HSNR,SAADL,1
HSNR,SAAVR,1
HSNR,SABVL,1
HSNR,SMBDL,1
HSNR,URADL,1
HSNR,VA5,1
I1L,ADEL,1
I1L,AS5,1
I1L,AVDL,1
I1L,AWBL,1
I1L,AWCL,1
I1L,BAGL,1
I1L,DA2,1
I1L,IL1VL,1
I1L,PVNL,1
I1L,RMEV,1
I1L,SAADL,1
I1L,SABD,1
I1L,SIBVR,1
I1L,URBL,1
I1L,VA1,1
I1L,VA12,1
I1R,AIML,1
I1R,AS7,1
I1R,ASKL,1
I1R,AVAL,1
I1R,AVBL,1
I1R,AVHR,1
I1R,DA9,1
I1R,PHAR,1
I1R,RID,1
I1R,RIGL,1
I1R,RIMR,1
I1R,SMBVL,1
I1R,VB8,1
I1R,VB9,1
I1R,VC2,1
I1R,VD5,1
I2L,AIAL,1
I2L,AIBR,1
I2L,AS2,1
I2L,AVER,1
I2L,AWBR,1
I2L,DB7,1
I2L,RICR,1
I2L,SMDDR,1
I2R,ASKL,1
I2R,ASKR,1
I2R,AWBL,1
I2R,PVCL,1
I2R,PVCR,1
I2R,RMDVL,1
I2R,RMHL,1
I2R,SMDDL,1
I3,AS7,1
I3,AVBL,1
I3,AVFR,1
I3,DD5,1
I3,FLPL,1
I3,I1L,1
I3,NSML,1
I3,OLQVL,1
I3,PHBR,1
I3,RIGR,1
I3,SIAVL,1
I3,SMDVL,1
I3,VA6,1
I3,VB2,1
I4,CEPDL,1
I4,HSNL,1
I4,LUAL,1
I4,PDER,1
I4,RIAL,1
I4,RMGL,1
I5,AVEL,1
I5,AVJL,1
I5,AWBR,1
I5,DD1,1
I5,DD4,1
I5,IL1VL,1
I5,MCL,1
I5,RIGR,1
I5,SIADL,1
I5,SIBVL,1
I5,URXL,1
I6,AIBR,1
I6,AIML,1
I6,AS4,1
I6,AVJR,1
I6,PDEL,1
I6,SMDVR,1
IL1DL,AFDR,1
IL1DL,AIBL,1
IL1DL,AS2,1
IL1DL,AVHR,1
IL1DL,RIBL,1
IL1DL,RIGL,1
IL1DL,RMDR,1
IL1DL,SMDDR,1
IL1DL,VA12,1
IL1DL,VD7,1
IL1DR,DD2,1
IL1DR,PVNR,1
IL1DR,RIGR,1
IL1DR,RMEV,1
IL1DR,SABVL,1
IL1DR,VC2,1
IL1L,AVDL,1
IL1L,AVHR,1
IL1L,DD3,1
IL1L,I3,1
IL1L,SIBDL,1
IL1L,SIBVR,1
IL1L,VA1,1
IL1L,VA12,1
IL1L,VA5,1
IL1R,ADAR,1
IL1R,ADLR,1
IL1R,AQR,1
IL1R,AS4,1
IL1R,AVDR,1
IL1R,CEPDL,1
IL1R,M2L,1
IL1R,MCL,1
IL1R,RIMR,1
IL1R,RMDR,1
IL1R,SIAVL,1
IL1R,VD13,1
IL1R,VD2,1
IL1VL,ADER,1
IL1VL,MCL,1
IL1VL,MI,1
IL1VL,OLLL,1
IL1VL,OLQDL,1
IL1VL,RMDVR,1
IL1VR,AS5,1
IL1VR,ASEL,1
IL1VR,AVKL,1
IL1VR,RIFL,1
IL1VR,RIS,1
IL1VR,URXR,1
IL1VR,VA4,1
IL2DL,AIAL,1
IL2DL,AVAR,1
IL2DL,DA2,1
IL2DL,DVA,1
IL2DL,I4,1
IL2DL,PVPL,1
IL2DL,RIGL,1
IL2DL,RIGR,1
IL2DR,AIZL,1
IL2DR,AIZR,1
IL2DR,AS1,1
IL2DR,ASHL,1
IL2DR,AVER,1
IL2DR,I6,1
IL2DR,OLQDL,1
IL2DR,RIH,1
IL2DR,VC5,1
IL2L,AVKL,1
IL2L,AWBL,1
IL2L,DB1,1
IL2L,IL1VL,1
IL2L,M1,1
IL2L,M2L,1
IL2L,M3R,1
IL2L,MCL,1
IL2L,PHCR,1
IL2L,RIVL,1
IL2L,RMGR,1
IL2L,VB8,1
IL2L,VB9,1
IL2R,AQR,1
IL2R,AVBL,1
IL2R,AVDL,1
IL2R,AVKL,1
IL2R,AWBL,1
IL2R,FLPL,1
IL2R,RIBR,1
IL2R,RIFR,1
IL2R,RIML,1
IL2R,SIBVL,1
IL2R,VA11,1
IL2R,VA5,1
IL2R,VD8,1
IL2VL,AIZL,1
IL2VL,ALA,1
IL2VL,AS9,1
IL2VL,AVAL,1
IL2VL,DVC,1
IL2VL,PVCR,1
IL2VL,PVPL,1
IL2VL,RIBL,1
IL2VL,RIFR,1
IL2VL,RMGL,1
IL2VL,VD3,1
IL2VR,AVAR,1
IL2VR,CEPVL,1
IL2VR,DB3,1
IL2VR,DVC,1
IL2VR,FLPR,1
IL2VR,M3R,1
IL2VR,RIAL,1
IL2VR,RIML,1
IL2VR,SIBVL,1
IL2VR,VA1,1
LUAL,AIBL,1
LUAL,AS8,1
LUAL,AVFR,1
LUAL,AVHL,1
LUAL,AWCR,1
LUAL,M1,1
LUAL,MI,1
LUAL,RIBR,1
LUAL,SAADR,1
LUAL,VA4,1
LUAR,ADAL,1
LUAR,AIBL,1
LUAR,AIBR,1
LUAR,AVBL,1
LUAR,AVBR,1
LUAR,DVC,1
LUAR,I3,1
LUAR,M3L,1
LUAR,RIMR,1
LUAR,SMDVL,1
M1,AIML,1
M1,AVBR,1
M1,AVL,1
M1,IL1VL,1
M1,OLQDL,1
M1,RIAL,1
M1,RIAR,1
M1,RIML,1
M1,RMDVL,1
M1,SAADL,1
M1,URXL,1
M2L,AIBR,1
M2L,AVDL,1
M2L,DVB,1
M2L,MCR,1
M2L,RIML,1
M2L,SMDVL,1
M2L,VD8,1
M2R,AS1,1
M2R,AVAL,1
M2R,AVDR,1
M2R,AVEL,1
M2R,AVER,1
M2R,AVHR,1
M2R,RIGR,1
M2R,RMEV,1
M2R,VD3,1
M3L,ASJR,1
M3L,AVKL,1
M3L,RIBR,1
M3L,RMGL,1
M3L,VD2,1
M3R,AIAR,1
M3R,AVER,1
M3R,AVL,1
M3R,DA9,1
M3R,PHCR,1
M4,AIAR,1
M4,AIBL,1
M4,CEPVR,1
M4,DD2,1
M4,IL1DR,1
M4,VA4,1
M5,ASKL,1
M5,AVEL,1
M5,AVER,1
M5,DD1,1
M5,MI,1
M5,RMGL,1
M5,SMDDL,1
MCL,AVFL,1
MCL,DD1,1
MCL,DD4,1
MCL,DVA,1
MCL,URYVL,1
MCR,AS4,1
MCR,AVAL,1
MCR,PVQR,1
MCR,RIBR,1
MCR,VC2,1
MI,ADEL,1
MI,ASHR,1
MI,AVDR,1
MI,AVEL,1
MI,DD2,1
MI,I3,1
MI,RIAL,1
MI,RIH,1
MI,URAVL,1
MI,VA4,1
MI,VA5,1
MI,VC2,1
NSML,ASKL,1
NSML,AVER,1
NSML,DA5,1
NSML,RMEV,1
NSMR,AS6,1
NSMR,DA2,1
NSMR,DB3,1
NSMR,I2R,1
OLLL,ADAR,1
OLLL,AIBL,1
OLLL,I2L,1
OLLL,IL1VL,1
OLLL,M3R,1
OLLL,PVWL,1
OLLL,RICR,1
OLLL,RIGL,1
OLLL,RIH,1
OLLL,RMDVL,1
OLLL,RMFR,1
OLLL,SABVR,1
OLLL,SMBDL,1
OLLL,SMDVL,1
OLLL,VA9,1
OLLL,VD10,1
OLLR,ADAR,1
OLLR,AVBL,1
OLLR,AVEL,1
OLLR,DVA,1
OLLR,IL1VR,1
OLLR,MCR,1
OLLR,PHAL,1
OLLR,PLMR,1
OLLR,PVR,1
OLLR,PVT,1
OLLR,SAAVL,1
OLLR,SABD,1
OLLR,SIAVL,1
OLLR,SIBVL,1
OLLR,SMBVL,1
OLLR,URADR,1
OLQDL,DD3,1
OLQDL,DVC,1
OLQDL,IL1VR,1
OLQDL,PVQL,1
OLQDL,SIBVL,1
OLQDL,URXL,1
OLQDL,VB4,1
OLQDL,VD3,1
OLQDR,ADEL,1
OLQDR,AIAR,1
OLQDR,AVAR,1
OLQDR,AVJL,1
OLQDR,DA2,1
OLQDR,PVM,1
OLQDR,PVQL,1
OLQDR,RMDVL,1
OLQDR,VD1,1
OLQDR,VD5,1
OLQDR,VD6,1
OLQVL,AUAL,1
OLQVL,AVKL,1
OLQVL,BAGR,1
OLQVL,DD1,1
OLQVL,IL1DL,1
OLQVL,PVPR,1
OLQVL,RIS,1
OLQVL,RMEL,1
OLQVL,SIADR,1
OLQVL,VA6,1
OLQVL,VB3,1
OLQVL,VC3,1
OLQVL,VD1,1
OLQVR,ASER,1
OLQVR,ASKR,1
OLQVR,AVBR,1
OLQVR,AVFL,1
OLQVR,AVHR,1
OLQVR,DB4,1
OLQVR,PDEL,1
OLQVR,RIAR,1
OLQVR,RMDR,1
OLQVR,SMBDR,1
OLQVR,SMDDL,1
OLQVR,VB1,1
PDA,AVAR,1
PDA,AVBR,1
PDA,M2R,1
PDA,SMDDR,1
PDA,VD9,1
PDB,AVDR,1
PDB,DA2,1
PDB,VA10,1
PDEL,ADFL,1
PDEL,AVJR,1
PDEL,AWAL,1
PDEL,DB4,1
PDEL,PVCL,1
PDEL,PVQL,1
PDEL,RIH,1
PDEL,SABVR,1
PDER,ADLL,1
PDER,AVAL,1
PDER,DD1,1
PDER,I3,1
PDER,I5,1
PDER,RIR,1
PDER,SIADL,1
PDER,VA3,1
PHAL,ADLR,1
PHAL,IL2R,1
PHAL,PHCR,1
PHAL,PVCR,1
PHAL,PVQR,1
PHAL,RMDVL,1
PHAL,RMDVR,1
PHAL,SDQL,1
PHAL,SMBVR,1
PHAL,VB8,1
PHAR,AIAR,1
PHAR,ALMR,1
PHAR,AVBL,1
PHAR,AVHR,1
PHAR,DA1,1
PHAR,HSNR,1
PHAR,RMDL,1
PHAR,RMDR,1
PHAR,RMEV,1
PHBL,ADEL,1
PHBL,AIAL,1
PHBL,AIBR,1
PHBL,I2R,1
PHBL,PVPL,1
PHBL,VD4,1
PHBR,AIMR,1
PHBR,AUAL,1
PHBR,AVAR,1
PHBR,AVBL,1
PHBR,DB1,1
PHBR,OLLR,1
PHBR,OLQDR,1
PHBR,PVNL,1
PHBR,RIBR,1
PHBR,RMEL,1
PHBR,SABVL,1
PHCL,AIBL,1
PHCL,BDUR,1
PHCL,DD6,1
PHCL,MCL,1
PHCL,RMFL,1
PHCL,SIBVL,1
PHCL,URXR,1
PHCL,VD12,1
PHCR,DVA,1
PHCR,IL2VR,1
PHCR,PVPL,1
PHCR,SMBDL,1
PHCR,SMDDL,1
PHCR,SMDVR,1
PHCR,VD4,1
PLML,AS1,1
PLML,AVAR,1
PLML,NSMR,1
PLML,SIAVL,1
PLMR,AIBR,1
PLMR,ASIL,1
PLMR,AVAL,1
PLMR,M3L,1
PLMR,PVCR,1
PLMR,PVR,1
PLMR,RIBR,1
PLMR,RIML,1
PLMR,RIPR,1
PLMR,VA5,1
PLMR,VB8,1
PLMR,VC2,1
PLMR,VD1,1
PLNL,DVA,1
PLNL,RMEV,1
PLNR,RIML,1
PLNR,VC2,1
PQR,AIAR,1
PQR,AVBL,1
PQR,I1L,1
PQR,SAADL,1
PQR,URADL,1
PQR,VB11,1
PQR,VB3,1
PQR,VD7,1
PVCL,AS2,1
PVCL,AVAR,1
PVCL,AVFL,1
PVCL,AVG,1
PVCL,AVHR,1
PVCL,AVJL,1
PVCL,AVJR,1
PVCL,AVKL,1
PVCL,AVM,1
PVCL,BAGR,1
PVCL,BDUL,1
PVCL,DB3,1
PVCL,DB6,1
PVCL,DVC,1
PVCL,FLPL,1
PVCL,HSNR,1
PVCL,M2R,1
PVCL,M5,1
PVCL,OLLR,1
PVCL,PVCR,1
PVCL,PVNR,1
PVCL,RIGL,1
PVCL,RIVL,1
PVCL,RMDDL,1
PVCL,RMER,1
PVCL,RMEV,1
PVCL,SIBDL,1
PVCL,SMDVL,1
PVCL,URYDL,1
PVCL,URYVR,1
PVCL,VA4,1
PVCL,VA5,1
PVCL,VA8,1
PVCL,VD10,1
PVCR,AS7,1
PVCR,AS8,1
PVCR,AVAL,1
PVCR,AVEL,1
PVCR,AVJL,1
PVCR,AVJR,1
PVCR,AVKR,1
PVCR,AWAR,1
PVCR,DA4,1
PVCR,DD4,1
PVCR,DD5,1
PVCR,DVC,1
PVCR,FLPR,1
PVCR,HSNR,1
PVCR,I5,1
PVCR,M1,1
PVCR,M2L,1
PVCR,M2R,1
PVCR,MCR,1
PVCR,PDA,1
PVCR,PDER,1
PVCR,PHBL,1
PVCR,PVPL,1
PVCR,RIAR,1
PVCR,RIML,1
PVCR,RMDR,1
PVCR,RMEV,1
PVCR,RMFL,1
PVCR,RMGL,1
PVCR,SAAVL,1
PVCR,SIADR,1
PVCR,SMBDL,1
PVCR,URXR,1
PVCR,URYVR,1
PVCR,VA4,1
PVCR,VA5,1
PVCR,VC5,1
PVCR,VD12,1
PVDL,AS2,1
PVDL,AVER,1
PVDL,IL1DL,1
PVDL,PVNL,1
PVDL,RIGR,1
PVDL,SMBDR,1
PVDR,ASHL,1
PVDR,AVER,1
PVDR,AVKL,1
PVDR,PVPL,1
PVDR,RIMR,1
PVDR,RMGR,1
PVDR,RMHL,1
PVM,AWBL,1
PVM,I6,1
PVM,IL1DR,1
PVM,RIAR,1
PVM,RMDDL,1
PVM,RMFL,1
PVM,URXL,1
PVM,VA1,1
PVNL,AS10,1
PVNL,ASKL,1
PVNL,AVKL,1
PVNL,AVKR,1
PVNL,DA1,1
PVNL,DD1,1
PVNL,DVC,1
PVNL,IL1R,1
PVNL,IL1VL,1
PVNL,M3L,1
PVNL,OLQDR,1
PVNL,RIBL,1
PVNL,RIPR,1
PVNL,RIR,1
PVNL,RMDR,1
PVNL,SMBDL,1
PVNL,VA1,1
PVNL,VA2,1
PVNL,VA3,1
PVNL,VA8,1
PVNR,AIBL,1
PVNR,ALA,1
PVNR,AQR,1
PVNR,ASER,1
PVNR,ASKL,1
PVNR,AVJL,1
PVNR,AVKL,1
PVNR,AWAR,1
PVNR,DA2,1
PVNR,DA8,1
PVNR,FLPL,1
PVNR,IL1DL,1
PVNR,IL1VL,1
PVNR,RIBL,1
PVNR,RIH,1
PVNR,RIPR,1
PVNR,RMDVR,1
PVNR,SAAVR,1
PVNR,SIADL,1
PVNR,SMDVR,1
PVNR,VD1,1
PVNR,VD3,1
PVPL,ADER,1
PVPL,AIBL,1
PVPL,AINL,1
PVPL,AS6,1
PVPL,CEPDR,1
PVPL,DA3,1
PVPL,DA5,1
PVPL,FLPL,1
PVPL,I4,1
PVPL,LUAL,1
PVPL,MI,1
PVPL,OLQVL,1
PVPL,RICR,1
PVPL,RMHR,1
PVPL,SABVL,1
PVPL,SABVR,1
PVPL,URADR,1
PVPL,URYVL,1
PVPL,VA2,1
PVPL,VC2,1
PVPR,AIAL,1
PVPR,AVER,1
PVPR,AWAR,1
PVPR,AWCL,1
PVPR,DA3,1
PVPR,DA8,1
PVPR,DB5,1
PVPR,DD2,1
PVPR,FLPR,1
PVPR,I6,1
PVPR,IL1VR,1
PVPR,LUAL,1
PVPR,OLLL,1
PVPR,RIAL,1
PVPR,RIAR,1
PVPR,RIFL,1
PVPR,RMDDR,1
PVPR,SIAVR,1
PVPR,VA1,1
PVPR,VA3,1
PVPR,VA4,1
PVPR,VD8,1
PVQL,AS2,1
PVQL,AVJR,1
PVQL,DA1,1
PVQL,RIBR,1
PVQL,SIAVL,1
PVQL,URADL,1
PVQL,URXL,1
PVQR,AVHR,1
PVQR,AVKL,1
PVQR,BDUL,1
PVQR,DB6,1
PVQR,M2R,1
PVQR,NSML,1
PVQR,OLLR,1
PVQR,OLQDL,1
PVQR,RIAL,1
PVQR,RIGR,1
PVQR,RMDDR,1
PVQR,RMEL,1
PVQR,VB2,1
PVQR,VB4,1
PVQR,VB5,1
PVQR,VB7,1
PVQR,VD1,1
PVR,ADAL,1
PVR,AIBL,1
PVR,AS1,1
PVR,AS8,1
PVR,ASEL,1
PVR,ASKL,1
PVR,AVDR,1
PVR,AVFR,1
PVR,AWBL,1
PVR,DA5,1
PVR,DB1,1
PVR,IL1DR,1
PVR,NSMR,1
PVR,RIAR,1
PVR,RIGR,1
PVR,RIH,1
PVR,RIMR,1
PVR,RMDL,1
PVR,RMER,1
PVR,SAADL,1
PVR,SIBVR,1
PVR,URBR,1
PVR,VA9,1
PVR,VB1,1
PVR,VB9,1
PVR,VD1,1
PVT,ADER,1
PVT,ADFR,1
PVT,AIZR,1
PVT,AVJR,1
PVT,BAGL,1
PVT,DA8,1
PVT,M1,1
PVT,PVCR,1
PVT,PVM,1
PVT,PVR,1
PVT,RIGL,1
PVT,RMEV,1
PVT,SMBVL,1
PVT,VB9,1
PVT,VD2,1
PVT,VD5,1
PVWL,AIAL,1
PVWL,AVBL,1
PVWL,BAGR,1
PVWL,RIBL,1
PVWL,VD5,1
PVWR,AIAR,1
PVWR,AUAR,1
PVWR,AVBL,1
PVWR,OLQDL,1
PVWR,RIGR,1
RIAL,AFDL,1
RIAL,ASJR,1
RIAL,AVEL,1
RIAL,AVHL,1
RIAL,HSNR,1
RIAL,OLQDL,1
RIAL,PVCR,1
RIAL,RIML,1
RIAL,SABD,1
RIAL,SABVL,1
RIAL,SIBDR,1
RIAL,URYDR,1
RIAL,VA4,1
RIAL,VD2,1
RIAL,VD4,1
RIAR,AIAL,1
RIAR,AIAR,1
RIAR,ALML,1
RIAR,ALNL,1
RIAR,AVBL,1
RIAR,AVEL,1
RIAR,AVFL,1
RIAR,AVJL,1
RIAR,AWAR,1
RIAR,DA3,1
RIAR,DB4,1
RIAR,M2R,1
RIAR,OLQDR,1
RIAR,PVR,1
RIAR,PVWR,1
RIAR,RMDVR,1
RIAR,URADR,1
RIAR,VD2,1
RIBL,ADLR,1
RIBL,AIAL,1
RIBL,AIZL,1
RIBL,AS10,1
RIBL,AS3,1
RIBL,AWCL,1
RIBL,BAGR,1
RIBL,DB1,1
RIBL,DB4,1
RIBL,LUAL,1
RIBL,M1,1
RIBL,NSML,1
RIBL,PVM,1
RIBL,PVPR,1
RIBL,PVT,1
RIBL,RICR,1
RIBL,RIMR,1
RIBL,SAAVR,1
RIBL,SIADR,1
RIBL,SMBDL,1
RIBL,VA5,1
RIBL,VA8,1
RIBL,VA9,1
RIBL,VD10,1
RIBR,ADFR,1
RIBR,AIAL,1
RIBR,AIZR,1
RIBR,AS2,1
RIBR,ASER,1
RIBR,AVDR,1
RIBR,DB5,1
RIBR,M2L,1
RIBR,M2R,1
RIBR,PDEL,1
RIBR,PVNL,1
RIBR,PVPL,1
RIBR,PVPR,1
RIBR,RIAL,1
RIBR,RICR,1
RIBR,RIGR,1
RIBR,RIMR,1
RIBR,RIR,1
RIBR,RMGL,1
RIBR,RMGR,1
RIBR,SABD,1
RIBR,VA5,1
RIBR,VB1,1
RIBR,VB2,1
RICL,ADER,1
RICL,ASKL,1
RICL,AWCL,1
RICL,DA4,1
RICL,DD1,1
RICL,DD3,1
RICL,I4,1
RICL,IL2R,1
RICL,M3R,1
RICL,PHBL,1
RICL,RMDR,1
RICL,RMGR,1
RICL,SDQR,1
RICL,URXL,1
RICL,URYVL,1
RICR,AVAR,1
RICR,AVBR,1
RICR,AVDL,1
RICR,AVDR,1
RICR,OLQVR,1
RICR,RIML,1
RICR,SABD,1
RICR,URXR,1
RICR,VA8,1
RICR,VA9,1
RID,ADAL,1
RID,AVDR,1
RID,M1,1
RID,RIBL,1
RID,RMDR,1
RID,RMFL,1
RID,SIBDR,1
RID,SIBVR,1
RID,SMDDL,1
RID,SMDDR,1
RID,VB11,1
RID,VB6,1
RID,VD2,1
RIFL,AS5,1
RIFL,AVAL,1
RIFL,AVBR,1
RIFL,AVJL,1
RIFL,PVPL,1
RIFL,RICL,1
RIFL,RMDL,1
RIFL,RMER,1
RIFL,SMDVR,1
RIFR,ADLL,1
RIFR,AS6,1
RIFR,AVAL,1
RIFR,AVAR,1
RIFR,AVJL,1
RIFR,AVL,1
RIFR,BAGR,1
RIFR,CEPDR,1
RIFR,DVA,1
RIFR,RIBL,1
RIFR,URXL,1
RIFR,VB9,1
RIFR,VD2,1
RIFR,VD3,1
RIGL,AIAR,1
RIGL,AIMR,1
RIGL,AIZL,1
RIGL,AUAL,1
RIGL,AVG,1
RIGL,DVA,1
RIGL,DVC,1
RIGL,MI,1
RIGL,OLLR,1
RIGL,PHCL,1
RIGL,PLMR,1
RIGL,PVPL,1
RIGL,PVPR,1
RIGL,PVT,1
RIGL,RIBR,1
RIGL,RIH,1
RIGL,RIVL,1
RIGL,RMDR,1
RIGL,SAAVL,1
RIGL,SMDVR,1
RIGL,VA1,1
RIGL,VA3,1
RIGL,VA9,1
RIGR,ADAL,1
RIGR,AIBR,1
RIGR,AVFR,1
RIGR,AVHR,1
RIGR,AVJR,1
RIGR,BAGL,1
RIGR,DD2,1
RIGR,NSMR,1
RIGR,OLQVL,1
RIGR,PVCR,1
RIGR,RIVR,1
RIGR,SMBDL,1
RIGR,SMDVL,1
RIGR,VA2,1
RIGR,VB5,1
RIGR,VD12,1
RIH,AIYL,1
RIH,AIYR,1
RIH,AS1,1
RIH,AVDR,1
RIH,AVEL,1
RIH,AVL,1
RIH,I3,1
RIH,IL1DR,1
RIH,PHBL,1
RIH,PVCR,1
RIH,PVM,1
RIH,PVQR,1
RIH,PVT,1
RIH,RIBL,1
RIH,RIGL,1
RIH,RMDL,1
RIH,RMED,1
RIH,SAAVL,1
RIH,SIAVR,1
RIH,VA1,1
RIH,VA5,1
RIH,VA9,1
RIH,VB11,1
RIH,VC2,1
RIH,VD3,1
RIML,AIBR,1
RIML,AS3,1
RIML,AVAL,1
RIML,DB3,1
RIML,DB6,1
RIML,DD4,1
RIML,DD6,1
RIML,FLPR,1
RIML,PVNR,1
RIML,RID,1
RIML,RMDVL,1
RIML,RMFR,1
RIML,SIAVL,1
RIML,SIBVL,1
RIML,URXR,1
RIML,VA5,1
RIML,VB4,1
RIML,VD10,1
RIMR,ALML,1
RIMR,AVER,1
RIMR,CEPDL,1
RIMR,DB5,1
RIMR,DD2,1
RIMR,DD6,1
RIMR,FLPL,1
RIMR,LUAL,1
RIMR,MI,1
RIMR,PDER,1
RIMR,PVNL,1
RIMR,RIAR,1
RIMR,RIBL,1
RIMR,RIBR,1
RIMR,RIML,1
RIMR,RIPL,1
RIMR,RMEL,1
RIMR,RMGL,1
RIMR,SAADL,1
RIMR,VD2,1
RIMR,VD9,1
RIPL,AVKR,1
RIPL,DVA,1
RIPL,PVCL,1
RIPL,URYVL,1
RIPL,VB10,1
RIPR,AVBL,1
RIPR,AVDL,1
RIPR,DB6,1
RIPR,DB7,1
RIPR,VB7,1
RIR,AINR,1
RIR,ASHR,1
RIR,AVAR,1
RIR,AVBL,1
RIR,AVKL,1
RIR,DD1,1
RIR,DVC,1
RIR,OLQVR,1
RIR,PHCR,1
RIR,PVNR,1
RIR,RMFL,1
RIR,RMFR,1
RIR,SMDVR,1
RIR,VA2,1
RIR,VD9,1
RIS,AIZR,1
RIS,AVBL,1
RIS,DA3,1
RIS,DB3,1
RIS,DB7,1
RIS,HSNR,1
RIS,I1L,1
RIS,I2L,1
RIS,IL1DL,1
RIS,M2R,1
RIS,OLQVL,1
RIS,PVPR,1
RIS,RIAL,1
RIS,RMEL,1
RIS,RMEV,1
RIS,SABVL,1
RIS,SIBDR,1
RIS,SIBVR,1
RIS,SMDDL,1
RIS,URXL,1
RIS,VA7,1
RIS,VB11,1
RIS,VB7,1
RIS,VD7,1
RIVL,ADAR,1
RIVL,AIAL,1
RIVL,DVC,1
RIVL,IL2R,1
RIVL,PVNR,1
RIVL,PVT,1
RIVL,RIBR,1
RIVL,SDQL,1
RIVL,VA10,1
RIVL,VB3,1
RIVR,ASGL,1
RIVR,AUAR,1
RIVR,AVJR,1
RIVR,DB3,1
RIVR,I3,1
RIVR,I6,1
RIVR,OLQVL,1
RIVR,PHAR,1
RIVR,RMDDR,1
RIVR,RMEL,1
RIVR,SAADL,1
RIVR,SMBVL,1
RIVR,VD4,1
RMDDL,AVJL,1
RMDDL,I1L,1
RMDDL,RMFL,1
RMDDL,VA5,1
RMDDL,VD5,1
RMDDR,AVDR,1
RMDDR,BAGR,1
RMDDR,DA5,1
RMDDR,URYVL,1
RMDDR,VB7,1
RMDDR,VC2,1
RMDL,AVDR,1
RMDL,AVJR,1
RMDL,DB2,1
RMDL,MI,1
RMDL,PVPR,1
RMDL,PVT,1
RMDL,RIAL,1
RMDL,RMDVL,1
RMDL,SDQR,1
RMDR,AVAR,1
RMDR,CEPDL,1
RMDR,DB4,1
RMDR,DD5,1
RMDR,RICR,1
RMDR,SIADR,1
RMDR,URXL,1
RMDR,VD9,1
RMDVL,AVDL,1
RMDVL,AWBR,1
RMDVL,DVA,1
RMDVL,LUAL,1
RMDVL,PVR,1
RMDVL,RMFR,1
RMDVL,VA12,1
RMDVL,VD13,1
RMDVR,AFDL,1
RMDVR,AVBL,1
RMDVR,DA8,1
RMDVR,DA9,1
RMDVR,DD1,1
RMDVR,DD6,1
RMDVR,DVC,1
RMDVR,RIBL,1
RMDVR,RICR,1
RMDVR,RIGR,1
RMDVR,VD6,1
RMED,AVAL,1
RMED,AVFL,1
RMED,AVG,1
RMED,DA8,1
RMED,RMFL,1
RMED,VD2,1
RMEL,PVPL,1
RMEL,SAADR,1
RMER,ASHR,1
RMEV,ADAL,1
RMEV,AVDL,1
RMEV,AVEL,1
RMEV,AVFR,1
RMEV,I4,1
RMEV,I6,1
RMEV,PHCL,1
RMEV,VA9,1
RMFL,AWCR,1
RMFL,DD3,1
RMFL,M2R,1
RMFL,RIMR,1
RMFL,RIPL,1
RMFL,SAADR,1
RMFL,SIAVL,1
RMFR,AS7,1
RMFR,PVR,1
RMFR,RIGL,1
RMGL,AIAL,1
RMGL,AIBL,1
RMGL,ASER,1
RMGL,AVEL,1
RMGL,AVFR,1
RMGL,AWBL,1
RMGL,AWCR,1
RMGL,CEPVR,1
RMGL,DA2,1
RMGL,DA6,1
RMGL,IL1DL,1
RMGL,MI,1
RMGL,PDA,1
RMGL,PVCR,1
RMGL,PVPR,1
RMGL,RICR,1
RMGL,RIML,1
RMGL,RIPL,1
RMGL,SIADR,1
RMGL,VA3,1
RMGL,VA6,1
RMGL,VB1,1
RMGL,VB8,1
RMGL,VD4,1
RMGR,ADER,1
RMGR,AFDL,1
RMGR,AS11,1
RMGR,AVAR,1
RMGR,AVBR,1
RMGR,AVER,1
RMGR,IL1DL,1
RMGR,IL1DR,1
RMGR,PVCR,1
RMGR,PVPL,1
RMGR,RIGL,1
RMGR,RIPR,1
RMGR,RIVR,1
RMGR,RMGL,1
RMGR,SMDVR,1
RMGR,URADR,1
RMGR,URBR,1
RMGR,VB9,1
RMHL,AVBR,1
RMHL,RID,1
RMHL,SIAVL,1
RMHR,DB4,1
RMHR,RMFL,1
RMHR,VB6,1
SAADL,AIZL,1
SAADL,AVBL,1
SAADL,AWCL,1
SAADL,DVB,1
SAADL,RMEL,1
SAADL,VA12,1
SAADR,ADFR,1
SAADR,AVG,1
SAADR,AVHR,1
SAADR,DB5,1
SAADR,DVC,1
SAADR,FLPL,1
SAADR,RICL,1
SAADR,RIGL,1
SAAVL,AIBL,1
SAAVL,AS3,1
SAAVL,AVFR,1
SAAVL,BAGR,1
SAAVL,IL1R,1
SAAVL,LUAR,1
SAAVL,PVCL,1
SAAVL,PVWL,1
SAAVL,RIH,1
SAAVL,RIVL,1
SAAVR,ADAL,1
SAAVR,AIBL,1
SAAVR,AVHR,1
SAAVR,DB3,1
SAAVR,PLMR,1
SAAVR,PVCL,1
SABD,AVKR,1
SABD,RIPL,1
SABD,SDQR,1
SABD,VA6,1
SABVL,AIBL,1
SABVL,RIBR,1
SABVL,VB4,1
SABVR,ADAL,1
SABVR,I2R,1
SABVR,PVPL,1
SDQL,AIBR,1
SDQL,AVBR,1
SDQL,DA4,1
SDQL,DA9,1
SDQL,HSNR,1
SDQL,IL1VR,1
SDQL,PVNL,1
SDQL,RIBR,1
SDQL,VB6,1
SDQL,VB9,1
SDQR,ADAR,1
SDQR,AWBL,1
SDQR,DA3,1
SDQR,DD2,1
SDQR,I2L,1
SDQR,PDB,1
SDQR,PDEL,1
SDQR,PVPR,1
SDQR,PVT,1
SDQR,RIFL,1
SDQR,RMDDL,1
SDQR,SIADL,1
SDQR,SMBDL,1
SIADL,IL2VL,1
SIADR,VD5,1
SIAVL,M4,1
SIAVR,SMBDL,1
SIBDL,DVB,1
SIBDL,PVQR,1
SIBDR,PVNR,1
SIBDR,PVPL,1
SIBDR,RIAR,1
SIBVL,AIZL,1
SIBVL,AWAR,1
SIBVL,RMFL,1
SIBVL,SMBVL,1
SIBVL,SMDVL,1
SIBVR,DB1,1
SIBVR,NSMR,1
SIBVR,URYVL,1
SIBVR,VD7,1
SMBDL,I1R,1
SMBDL,RIBL,1
SMBDL,RIML,1
SMBDL,RMDL,1
SMBDL,SAAVR,1
SMBDL,SMBVL,1
SMBDL,VB7,1
SMBDR,ADFR,1
SMBDR,AS10,1
SMBDR,I3,1
SMBDR,OLLL,1
SMBDR,RIH,1
SMBDR,RMEL,1
SMBDR,SMDDL,1
SMBVL,ASGL,1
SMBVL,RMED,1
SMBVL,RMFL,1
SMBVL,VA3,1
SMBVR,AIBR,1
SMBVR,PVCL,1
SMBVR,RIR,1
SMBVR,RMDVL,1
SMBVR,VC2,1
SMDDL,DA2,1
SMDDL,PVPR,1
SMDDL,RIAR,1
SMDDL,RMFL,1
SMDDL,SMDDR,1
SMDDL,VB4,1
SMDDL,VD13,1
SMDDR,AVFR,1
SMDDR,AVJR,1
SMDDR,RMDDL,1
SMDDR,RMGR,1
SMDDR,SABVL,1
SMDDR,VA11,1
SMDVL,BAGR,1
SMDVL,I1R,1
SMDVL,IL1DL,1
SMDVL,PHBR,1
SMDVL,RIAL,1
SMDVL,RIMR,1
SMDVL,RIS,1
SMDVL,RMDL,1
SMDVL,URBL,1
SMDVL,VA11,1
SMDVR,AIAL,1
SMDVR,AVAR,1
SMDVR,AVBL,1
SMDVR,AVDL,1
SMDVR,AVHL,1
SMDVR,AVJR,1
SMDVR,M3R,1
SMDVR,RIFR,1
SMDVR,VD5,1
URADL,AIML,1
URADL,RIAL,1
URADL,RIBR,1
URADR,AVAL,1
URADR,IL1R,1
URADR,M3L,1
URADR,PDER,1
URADR,RIBR,1
URADR,RIFR,1
URAVL,ASEL,1
URAVL,PVQR,1
URAVL,SIAVL,1
URAVL,VB2,1
URAVR,AVJR,1
URAVR,IL2R,1
URAVR,RIAL,1
URAVR,RMDVR,1
URAVR,VA2,1
URBL,AS9,1
URBL,AVAL,1
URBL,AVAR,1
URBL,AVEL,1
URBL,RIS,1
URBL,RIVR,1
URBL,RMGL,1
URBL,RMGR,1
URBL,SMDDR,1
URBL,VD4,1
URBR,AVAR,1
URBR,AVDL,1
URBR,AVER,1
URBR,AVJL,1
URBR,DB5,1
URBR,PVPR,1
URBR,PVWR,1
URBR,RIAL,1
URBR,RIR,1
URBR,RMDVR,1
URBR,RMED,1
URBR,SAADR,1
URBR,SMBDL,1
URBR,SMDVR,1
URXL,CEPVR,1
URXL,DA3,1
URXL,RIH,1
URXL,RIPL,1
URXL,SABVL,1
URXL,SMBDL,1
URXL,SMDDR,1
URXL,VC2,1
URXL,VD2,1
URXR,ADAL,1
URXR,ADLL,1
URXR,AQR,1
URXR,AVBR,1
URXR,AVEL,1
URXR,M1,1
URXR,RIFR,1
URXR,RMDR,1
URXR,SIBVL,1
URXR,SMDDL,1
URXR,VA2,1
URXR,VB9,1
URYDL,AIBL,1
URYDL,AVJR,1
URYDL,DB5,1
URYDL,DB6,1
URYDL,I4,1
URYDL,M3L,1
URYDL,RIMR,1
URYDL,RMGR,1
URYDR,AIBL,1
URYDR,AIYL,1
URYDR,AS9,1
URYDR,AVBL,1
URYDR,DA3,1
URYDR,DA5,1
URYDR,RIPR,1
URYDR,SMBDR,1
URYVL,ADAL,1
URYVL,AIBR,1
URYVL,AIZR,1
URYVL,AVDR,1
URYVL,AVEL,1
URYVL,DA1,1
URYVL,RIMR,1
URYVL,RIR,1
URYVL,RMDR,1
URYVL,RMHL,1
URYVL,VA12,1
URYVL,VA2,1
URYVL,VB6,1
URYVR,AIBL,1
URYVR,AWCL,1
URYVR,MCL,1
URYVR,OLQVL,1
URYVR,PVCR,1
URYVR,PVNR,1
URYVR,PVR,1
URYVR,RIPL,1
URYVR,RMHL,1
URYVR,URXL,1
URYVR,VB11,1
VA1,AVJR,1
VA1,DVC,1
VA1,RIAL,1
VA1,RICR,1
VA10,AVBL,1
VA10,DD1,1
VA11,AVDR,1
VA11,AVJL,1
VA11,AVKR,1
VA11,RMDR,1
VA11,SIBDR,1
VA11,SMBDR,1
VA12,ADAR,1
VA12,AIBR,1
VA12,AVAR,1
VA12,AVKR,1
VA12,DD1,1
VA12,DD4,1
VA12,DD5,1
VA12,OLQVL,1
VA12,RIH,1
VA12,RMDVL,1
VA12,URYVL,1
VA12,VA10,1
VA12,VA11,1
VA12,VC3,1
VA12,VD10,1
VA2,ADEL,1
VA2,AIBL,1
VA2,AVKL,1
VA2,DA5,1
VA2,DD3,1
VA2,PVQL,1
VA2,RMDVR,1
VA3,ALNR,1
VA3,ASHR,1
VA3,AVAL,1
VA3,AVAR,1
VA3,I3,1
VA3,OLQVR,1
VA3,PVNL,1
VA3,RICR,1
VA3,VD9,1
VA4,AIYL,1
VA4,AS6,1
VA4,AVBL,1
VA4,DA2,1
VA4,RIS,1
VA4,RMDVR,1
VA4,RMER,1
VA4,SMDDL,1
VA4,VD1,1
VA5,AUAL,1
VA5,AVJL,1
VA5,IL1DL,1
VA5,IL1R,1
VA5,PDEL,1
VA5,PHBL,1
VA5,PVCR,1
VA6,AVAR,1
VA6,AVL,1
VA6,DA9,1
VA6,PVCL,1
VA6,RMDVL,1
VA6,URXR,1
VA7,AIZL,1
VA7,AVAL,1
VA7,AVHR,1
VA7,NSMR,1
VA7,RIAR,1
VA7,RICL,1
VA7,VD1,1
VA8,AVAL,1
VA8,AVFL,1
VA8,AVJL,1
VA8,AWBL,1
VA8,CEPVR,1
VA8,DD1,1
VA8,PHCL,1
VA8,RICL,1
VA8,RIVL,1
VA8,RIVR,1
VA8,RMDR,1
VA8,SMDDR,1
VA8,VA6,1
VA8,VC3,1
VA9,AVKR,1
VA9,DA3,1
VA9,DVB,1
VA9,IL1DR,1
VA9,IL1VR,1
VA9,PHBL,1
VA9,RIBL,1
VA9,RIML,1
VA9,RIPL,1
VA9,URADL,1
VA9,URYDR,1
VA9,VD10,1
VB1,AUAL,1
VB1,AVKL,1
VB1,AWBL,1
VB1,FLPL,1
VB1,I1R,1
VB1,IL2VR,1
VB1,PVR,1
VB1,RIAL,1
VB1,RMDR,1
VB1,RMDVR,1
VB1,RMEV,1
VB1,RMHR,1
VB1,SIBDR,1
VB1,SMBVL,1
VB1,SMDDL,1
VB1,VA5,1
VB1,VD3,1
VB10,AIZR,1
VB10,ALMR,1
VB10,AVBR,1
VB10,AVHR,1
VB10,HSNL,1
VB10,RIS,1
VB10,RMDVL,1
VB10,SIADL,1
VB11,AVBL,1
VB11,DD4,1
VB11,PLMR,1
VB11,RIR,1
VB11,VA11,1
VB2,AIYR,1
VB2,ALML,1
VB2,AVFL,1
VB2,AVL,1
VB2,I2R,1
VB2,M4,1
VB2,MCL,1
VB2,RIAL,1
VB2,RMEL,1
VB2,RMGL,1
VB2,SIADL,1
VB2,VA9,1
VB2,VB9,1
VB2,VD2,1
VB3,ADLL,1
VB3,AQR,1
VB3,AVBR,1
VB3,M4,1
VB3,SAAVR,1
VB3,SIBVR,1
VB4,AIBR,1
VB4,ASHL,1
VB4,AVAR,1
VB4,AVHR,1
VB4,RMDDL,1
VB4,URXL,1
VB4,VA12,1
VB5,ADFL,1
VB5,ASKL,1
VB5,AVAL,1
VB5,BDUR,1
VB5,HSNR,1
VB5,PVCL,1
VB6,AIAL,1
VB6,ASJR,1
VB6,AVAL,1
VB6,DB7,1
VB6,MI,1
VB6,RICL,1
VB6,RIMR,1
VB6,RIPR,1
VB6,SMDDR,1
VB7,AVEL,1
VB7,PVCR,1
VB7,RMFR,1
VB7,VD10,1
VB8,AIAR,1
VB8,AIBL,1
VB8,BAGL,1
VB8,CEPVL,1
VB8,DA3,1
VB8,I1L,1
VB8,RMER,1
VB8,VB9,1
VB9,ADAL,1
VB9,AIZL,1
VB9,AIZR,1
VB9,AVG,1
VB9,AVJL,1
VB9,AVL,1
VB9,I4,1
VB9,M2R,1
VB9,RMDVL,1
VB9,URYVR,1
VB9,VD7,1
VC1,AIAR,1
VC1,ASHR,1
VC1,AVAL,1
VC1,AVAR,1
VC1,AVER,1
VC1,AVFR,1
VC1,AVHL,1
VC1,CEPDR,1
VC1,DB5,1
VC1,IL1VL,1
VC1,RIAL,1
VC1,RMDR,1
VC1,RMGR,1
VC1,SIBDL,1
VC2,AIMR,1
VC2,AIZL,1
VC2,AS2,1
VC2,ASKR,1
VC2,AVJL,1
VC2,CEPDR,1
VC2,DB6,1
VC2,FLPL,1
VC2,OLQVL,1
VC2,PVCR,1
VC2,RICR,1
VC2,SIAVR,1
VC2,VA10,1
VC2,VA5,1
VC2,VD7,1
VC3,AS5,1
VC3,ASGL,1
VC3,AVAR,1
VC3,AVDR,1
VC3,AWAL,1
VC3,AWCL,1
VC3,DB2,1
VC3,I1L,1
VC3,IL1DL,1
VC3,LUAR,1
VC3,MI,1
VC3,OLLR,1
VC3,OLQDL,1
VC3,PVNL,1
VC3,RICR,1
VC3,RIGL,1
VC3,RMDVR,1
VC3,SAAVL,1
VC3,SIBVL,1
VC3,VB3,1
VC3,VD4,1
VC4,AVAL,1
VC4,AVBR,1
VC4,DB5,1
VC4,PVQL,1
VC4,RIAL,1
VC4,VA8,1
VC5,ADLL,1
VC5,AIYL,1
VC5,AVAL,1
VC5,AVAR,1
VC5,AVM,1
VC5,DA2,1
VC5,M3L,1
VC5,RMDL,1
VC5,VB2,1
VD1,AS3,1
VD1,ASEL,1
VD1,AVBL,1
VD1,DA5,1
VD1,HSNL,1
VD1,PHBR,1
VD1,RIPR,1
VD1,URBL,1
VD1,VC2,1
VD10,ALML,1
VD10,AVHL,1
VD10,DD1,1
VD10,RIBL,1
VD10,RMGR,1
VD11,AS5,1
VD11,AVBR,1
VD11,RIAR,1
VD12,AIAL,1
VD12,IL1DL,1
VD12,SABVL,1
VD12,SMBDL,1
VD13,AS1,1
VD13,PVCR,1
VD13,RICR,1
VD13,RIGR,1
VD13,RIVR,1
VD2,FLPL,1
VD2,I1L,1
VD2,M4,1
VD2,RIGR,1
VD2,RMER,1
VD2,VA4,1
VD3,AVAL,1
VD3,M2R,1
VD3,RMDR,1
VD3,SDQL,1
VD3,SMDVR,1
VD4,AVER,1
VD4,RIGL,1
VD4,VB1,1
VD4,VD10,1
VD5,AINL,1
VD5,ASHR,1
VD5,ASIL,1
VD5,DA5,1
VD5,PVCL,1
VD5,SIAVR,1
VD6,ADEL,1
VD6,AIBR,1
VD6,AVDL,1
VD6,AVJR,1
VD6,M1,1
VD7,AUAR,1
VD7,CEPVR,1
VD8,AVDL,1
VD8,PVQR,1
VD9,IL1R,1
VD9,VD1,1
