ADAL,ADAR
ADAL,ADEL
ADAL,ADER
ADAL,ADFL
ADAL,ADFR
ADAL,ADLL
ADAL,ADLR
ADAL,AIAL
ADAL,AIYL
ADAL,AQR
ADAL,AS3
ADAL,ASEL
ADAL,ASER
ADAL,ASGR
ADAL,ASIR
ADAL,ASJR
ADAL,ASKL
ADAL,AUAR
ADAL,AVAL
ADAL,AWAR
ADAL,AWBL
ADAL,AWBR
ADAL,BDUR
ADAL,CEPDL
ADAL,CEPDR
ADAL,CEPVL
ADAL,CEPVR
ADAL,DA3
ADAL,DB2
ADAL,DD2
ADAL,DVA
ADAL,FLPL
ADAL,FLPR
ADAL,HSNL
ADAL,I1R
ADAL,IL2L
ADAL,M5
ADAL,MCL
ADAL,MCR
ADAL,OLQDR
ADAL,OLQVL
ADAL,PHAL
ADAL,PHAR
ADAL,PHBL
ADAL,PHBR
ADAL,PLMR
ADAL,PQR
ADAL,PVCR
ADAL,PVDL
ADAL,PVPL
ADAL,PVQL
ADAL,PVWL
ADAL,PVWR
ADAL,RICR
ADAL,RIMR
ADAL,RIS
ADAL,RMDR
ADAL,RMED
ADAL,SIADL
ADAL,URADR
ADAL,URXL
ADAL,URYDL
ADAL,VD1
ADAL,VD5
ADAL,VD9
ADAR,ADEL
ADAR,ADFL
ADAR,ADLR
ADAR,AFDL
ADAR,AIAR
ADAR,AQR
ADAR,ASER
ADAR,ASGL
ADAR,ASGR
ADAR,ASHL
ADAR,ASIR
ADAR,ASJL
ADAR,ASKL
ADAR,ASKR
ADAR,AVDL
ADAR,AVEL
ADAR,AVKL
ADAR,AVM
ADAR,AWCL
ADAR,BAGL
ADAR,BDUL
ADAR,CEPDR
ADAR,CEPVR
ADAR,DA4
ADAR,DD6
ADAR,DVA
ADAR,HSNL
ADAR,HSNR
ADAR,I1R
ADAR,I2L
ADAR,I5
ADAR,IL1VL
ADAR,IL2R
ADAR,LUAL
ADAR,M4
ADAR,MCR
ADAR,NSML
ADAR,OLQDL
ADAR,OLQDR
ADAR,OLQVR
ADAR,PDEL
ADAR,PDER
ADAR,PHAL
ADAR,PHBR
ADAR,PQR
ADAR,PVCR
ADAR,PVM
ADAR,PVPR
ADAR,PVQL
ADAR,PVR
ADAR,PVWL
ADAR,RIGL
ADAR,RMED
ADAR,SAAVL
ADAR,SABD
ADAR,SIADR
ADAR,URAVL
ADAR,URXR
ADAR,VB4
ADAR,VB7
ADAR,VD1
ADAR,VD10
ADAR,VD4
ADEL,ADER
ADEL,ADFR
ADEL,ADLL
ADEL,ADLR
ADEL,AFDL
ADEL,AFDR
ADEL,AIAL
ADEL,AIAR
ADEL,AIBR
ADEL,AIML
ADEL,AINR
ADEL,AIYL
ADEL,AIYR
ADEL,AIZL
ADEL,AIZR
ADEL,ALML
ADEL,AQR
ADEL,AS3
ADEL,AS5
ADEL,AS6
ADEL,AS8
ADEL,ASEL
ADEL,ASER
ADEL,ASGL
ADEL,ASGR
ADEL,ASHL
ADEL,ASHR
ADEL,ASIL
ADEL,ASIR
ADEL,ASJL
ADEL,ASJR
ADEL,ASKL
ADEL,ASKR
ADEL,AUAR
ADEL,AVAL
ADEL,AVAR
ADEL,AVBL
ADEL,AVBR
ADEL,AVER
ADEL,AVFL
ADEL,AVFR
ADEL,AVHL
ADEL,AVHR
ADEL,AVJL
ADEL,AVJR
ADEL,AVKL
ADEL,AVKR
ADEL,AVM
ADEL,AWAL
ADEL,AWBL
ADEL,AWBR
ADEL,BAGL
ADEL,BAGR
ADEL,BDUL
ADEL,BDUR
ADEL,CEPDL
ADEL,CEPVL
ADEL,CEPVR
ADEL,DA4
ADEL,DB1
ADEL,DB2
ADEL,DB3
ADEL,DB4
ADEL,DB5
ADEL,DB7
ADEL,DD3
ADEL,DD4
ADEL,DD5
ADEL,DD6
ADEL,DVA
ADEL,DVB
ADEL,FLPL
ADEL,FLPR
ADEL,HSNL
ADEL,HSNR
ADEL,I1L
ADEL,I1R
ADEL,I2L
ADEL,I2R
ADEL,I3
ADEL,I6
ADEL,IL1R
ADEL,IL1VR
ADEL,IL2DL
ADEL,IL2L
ADEL,IL2R
ADEL,M2L
ADEL,M2R
ADEL,M3L
ADEL,M3R
ADEL,M4
ADEL,M5
ADEL,MCL
ADEL,MCR
ADEL,MI
ADEL,NSMR
ADEL,OLLL
ADEL,OLQDL
ADEL,OLQVR
ADEL,PDA
ADEL,PDEL
ADEL,PDER
ADEL,PHAL
ADEL,PHAR
ADEL,PHBL
ADEL,PHBR
ADEL,PLML
ADEL,PQR
ADEL,PVCL
ADEL,PVCR
ADEL,PVDL
ADEL,PVDR
ADEL,PVM
ADEL,PVNL
ADEL,PVNR
ADEL,PVPL
ADEL,PVQL
ADEL,PVQR
ADEL,PVR
ADEL,PVT
ADEL,PVWL
ADEL,PVWR
ADEL,RIAL
ADEL,RIAR
ADEL,RIBL
ADEL,RIBR
ADEL,RICL
ADEL,RICR
ADEL,RID
ADEL,RIFR
ADEL,RIGL
ADEL,RIGR
ADEL,RIH
ADEL,RIML
ADEL,RIMR
ADEL,RIPL
ADEL,RIS
ADEL,RMDDL
ADEL,RMDVL
ADEL,RMEL
ADEL,RMER
ADEL,RMEV
ADEL,RMGL
ADEL,RMGR
ADEL,RMHR
ADEL,SAADL
ADEL,SAADR
ADEL,SAAVL
ADEL,SAAVR
ADEL,SDQL
ADEL,SDQR
ADEL,SIADR
ADEL,SIAVL
ADEL,SIAVR
ADEL,SIBDL
ADEL,SIBVR
ADEL,SMBDR
ADEL,SMBVR
ADEL,SMDDR
ADEL,URADL
ADEL,URAVL
ADEL,URAVR
ADEL,URXL
ADEL,URXR
ADEL,URYDL
ADEL,URYVL
ADEL,URYVR
ADEL,VA10
ADEL,VA11
ADEL,VA12
ADEL,VA6
ADEL,VA9
ADEL,VB1
ADEL,VB2
ADEL,VB4
ADEL,VB6
ADEL,VB7
ADEL,VC2
ADEL,VC5
ADEL,VD10
ADEL,VD11
ADEL,VD13
ADEL,VD2
ADEL,VD3
ADEL,VD4
ADEL,VD5
ADEL,VD6
ADEL,VD7
ADEL,VD8
ADEL,VD9
ADER,ADFL
ADER,ADFR
ADER,ADLL
ADER,ADLR
ADER,AFDL
ADER,AFDR
ADER,AIAL
ADER,AIBL
ADER,AIBR
ADER,AIML
ADER,AIMR
ADER,AINR
ADER,AIYL
ADER,AIYR
ADER,AIZR
ADER,ALML
ADER,ALNL
ADER,AQR
ADER,AS2
ADER,AS3
ADER,AS4
ADER,AS5
ADER,AS8
ADER,ASEL
ADER,ASER
ADER,ASGL
ADER,ASGR
ADER,ASHR
ADER,ASIL
ADER,ASIR
ADER,ASJL
ADER,ASJR
ADER,ASKL
ADER,ASKR
ADER,AUAL
ADER,AVAL
ADER,AVAR
ADER,AVBL
ADER,AVBR
ADER,AVDL
ADER,AVDR
ADER,AVEL
ADER,AVER
ADER,AVFL
ADER,AVFR
ADER,AVHL
ADER,AVJR
ADER,AVL
ADER,AVM
ADER,AWAL
ADER,AWAR
ADER,AWBL
ADER,AWBR
ADER,AWCL
ADER,BAGL
ADER,BDUL
ADER,CEPDL
ADER,CEPDR
ADER,CEPVL
ADER,CEPVR
ADER,DA3
ADER,DA4
ADER,DB1
ADER,DB2
ADER,DB5
ADER,DB6
ADER,DD1
ADER,DD2
ADER,DD3
ADER,DD4
ADER,DD6
ADER,DVA
ADER,DVB
ADER,DVC
ADER,FLPL
ADER,FLPR
ADER,HSNL
ADER,HSNR
ADER,I1L
ADER,I1R
ADER,I2L
ADER,I2R
ADER,I3
ADER,I4
ADER,I5
ADER,I6
ADER,IL1DL
ADER,IL1DR
ADER,IL1L
ADER,IL1VR
ADER,IL2DL
ADER,IL2L
ADER,IL2R
ADER,IL2VL
ADER,IL2VR
ADER,LUAL
ADER,LUAR
ADER,M2R
ADER,M3L
ADER,M4
ADER,MCL
ADER,MCR
ADER,NSML
ADER,NSMR
ADER,OLLL
ADER,OLLR
ADER,OLQDL
ADER,OLQDR
ADER,OLQVL
ADER,OLQVR
ADER,PDEL
ADER,PDER
ADER,PHAR
ADER,PHBR
ADER,PLMR
ADER,PQR
ADER,PVCL
ADER,PVCR
ADER,PVDL
ADER,PVDR
ADER,PVM
ADER,PVNL
ADER,PVNR
ADER,PVQR
ADER,PVR
ADER,PVT
ADER,PVWL
ADER,PVWR
ADER,RICL
ADER,RIGL
ADER,RIGR
ADER,RIH
ADER,RIML
ADER,RIMR
ADER,RIPR
ADER,RIVL
ADER,RIVR
ADER,RMED
ADER,RMEL
ADER,RMER
ADER,RMEV
ADER,RMGL
ADER,RMGR
ADER,SAADL
ADER,SAADR
ADER,SAAVL
ADER,SAAVR
ADER,SABD
ADER,SABVL
ADER,SABVR
ADER,SDQR
ADER,SIADL
ADER,SIAVL
ADER,SIBVL
ADER,SMBDR
ADER,SMDDL
ADER,SMDDR
ADER,SMDVL
ADER,URADL
ADER,URADR
ADER,URAVL
ADER,URXL
ADER,URYDL
ADER,URYDR
ADER,URYVL
ADER,URYVR
ADER,VA1
ADER,VA10
ADER,VA3
ADER,VA9
ADER,VB1
ADER,VB11
ADER,VB2
ADER,VB7
ADER,VC1
ADER,VC3
ADER,VD1
ADER,VD10
ADER,VD11
ADER,VD12
ADER,VD2
ADER,VD3
ADER,VD4
ADER,VD7
ADER,VD8
ADER,VD9
ADFL,ADLL
ADFL,ADLR
ADFL,AFDL
ADFL,AFDR
ADFL,AIAL
ADFL,AIAR
ADFL,AIBL
ADFL,AIML
ADFL,AIMR
ADFL,AIYL
ADFL,AIYR
ADFL,AIZL
ADFL,AIZR
ADFL,ALML
ADFL,AQR
ADFL,ASEL
ADFL,ASER
ADFL,ASGL
ADFL,ASGR
ADFL,ASHL
ADFL,ASHR
ADFL,ASIL
ADFL,ASIR
ADFL,ASJL
ADFL,ASJR
ADFL,ASKL
ADFL,ASKR
ADFL,AUAL
ADFL,AVAL
ADFL,AVAR
ADFL,AVBL
ADFL,AVBR
ADFL,AVDL
ADFL,AVDR
ADFL,AVEL
ADFL,AVER
ADFL,AVFR
ADFL,AVG
ADFL,AVM
ADFL,AWAL
ADFL,AWBL
ADFL,AWCL
ADFL,BAGL
ADFL,BAGR
ADFL,BDUL
ADFL,BDUR
ADFL,CEPDL
ADFL,CEPDR
ADFL,CEPVL
ADFL,CEPVR
ADFL,DA9
ADFL,DB2
ADFL,DB3
ADFL,DD1
ADFL,DD3
ADFL,DVA
ADFL,FLPL
ADFL,FLPR
ADFL,HSNL
ADFL,HSNR
ADFL,I1L
ADFL,I1R
ADFL,I2L
ADFL,I3
ADFL,IL2VL
ADFL,IL2VR
ADFL,LUAR
ADFL,M1
ADFL,M2L
ADFL,M2R
ADFL,M3L
ADFL,M3R
ADFL,M4
ADFL,MCL
ADFL,MCR
ADFL,NSML
ADFL,NSMR
ADFL,OLLL
ADFL,OLQDL
ADFL,OLQVR
ADFL,PDEL
ADFL,PDER
ADFL,PHAL
ADFL,PHAR
ADFL,PHBL
ADFL,PHBR
ADFL,PLML
ADFL,PLMR
ADFL,PQR
ADFL,PVCL
ADFL,PVCR
ADFL,PVDR
ADFL,PVM
ADFL,PVNL
ADFL,PVPL
ADFL,PVPR
ADFL,PVQL
ADFL,PVQR
ADFL,PVT
ADFL,PVWL
ADFL,PVWR
ADFL,RIAL
ADFL,RIBR
ADFL,RID
ADFL,RIFL
ADFL,RIFR
ADFL,RIGL
ADFL,RIH
ADFL,RIML
ADFL,RIR
ADFL,RIS
ADFL,RIVR
ADFL,RMDDL
ADFL,RMDDR
ADFL,RMDVR
ADFL,RMEL
ADFL,RMER
ADFL,RMEV
ADFL,RMFR
ADFL,RMGL
ADFL,RMGR
ADFL,RMHL
ADFL,RMHR
ADFL,SAADR
ADFL,SAAVL
ADFL,SABVL
ADFL,SDQL
ADFL,SDQR
ADFL,SIADL
ADFL,SIADR
ADFL,SIBVL
ADFL,SMBDL
ADFL,URADR
ADFL,URAVL
ADFL,URXR
ADFL,URYDL
ADFL,URYDR
ADFL,URYVR
ADFL,VA5
ADFL,VA8
ADFL,VB5
ADFL,VB8
ADFL,VB9
ADFL,VC3
ADFL,VC4
ADFL,VC6
ADFL,VD10
ADFL,VD11
ADFL,VD12
ADFL,VD2
ADFL,VD5
ADFL,VD6
ADFL,VD7
ADFL,VD9
ADFR,ADFR
ADFR,ADLL
ADFR,AFDL
ADFR,AFDR
ADFR,AIAL
ADFR,AIAR
ADFR,AIBR
ADFR,AIML
ADFR,AIMR
ADFR,AINL
ADFR,AIYL
ADFR,ALA
ADFR,ALML
ADFR,AQR
ADFR,AS10
ADFR,ASEL
ADFR,ASER
ADFR,ASGL
ADFR,ASHL
ADFR,ASHR
ADFR,ASIR
ADFR,ASJL
ADFR,ASJR
ADFR,ASKL
ADFR,ASKR
ADFR,AUAR
ADFR,AVAL
ADFR,AVAR
ADFR,AVBR
ADFR,AVDL
ADFR,AVDR
ADFR,AVEL
ADFR,AVER
ADFR,AVFL
ADFR,AVFR
ADFR,AVKR
ADFR,AVL
ADFR,AVM
ADFR,AWAL
ADFR,AWAR
ADFR,AWBR
ADFR,AWCL
ADFR,BAGR
ADFR,BDUR
ADFR,CEPDL
ADFR,CEPDR
ADFR,CEPVL
ADFR,CEPVR
ADFR,DA2
ADFR,DA4
ADFR,DA9
ADFR,DB1
ADFR,DB3
ADFR,DB7
ADFR,DD1
ADFR,DD2
ADFR,DD4
ADFR,DD5
ADFR,DD6
ADFR,DVA
ADFR,FLPL
ADFR,FLPR
ADFR,HSNL
ADFR,HSNR
ADFR,I1L
ADFR,I2L
ADFR,I2R
ADFR,IL1DL
ADFR,IL1L
ADFR,IL1R
ADFR,IL2DR
ADFR,LUAL
ADFR,M2R
ADFR,M3L
ADFR,M3R
ADFR,M4
ADFR,M5
ADFR,MCR
ADFR,NSML
ADFR,NSMR
ADFR,OLLL
ADFR,OLLR
ADFR,OLQDL
ADFR,OLQDR
ADFR,OLQVL
ADFR,PDA
ADFR,PDEL
ADFR,PDER
ADFR,PHAL
ADFR,PHAR
ADFR,PHBL
ADFR,PHCR
ADFR,PLMR
ADFR,PLNR
ADFR,PQR
ADFR,PVDR
ADFR,PVNR
ADFR,PVQL
ADFR,PVQR
ADFR,PVT
ADFR,PVWL
ADFR,PVWR
ADFR,RIAL
ADFR,RIAR
ADFR,RICL
ADFR,RICR
ADFR,RID
ADFR,RIFR
ADFR,RIGL
ADFR,RIGR
ADFR,RIML
ADFR,RIMR
ADFR,RIS
ADFR,RIVL
ADFR,RIVR
ADFR,RMDDR
ADFR,RMDL
ADFR,RMDVL
ADFR,RMED
ADFR,RMEL
ADFR,RMEV
ADFR,RMGL
ADFR,RMGR
ADFR,SAADL
ADFR,SAADR
ADFR,SAAVL
ADFR,SAAVR
ADFR,SABVL
ADFR,SDQL
ADFR,SDQR
ADFR,SIAVL
ADFR,SIAVR
ADFR,SMDVR
ADFR,URADR
ADFR,URXL
ADFR,URXR
ADFR,URYDL
ADFR,URYDR
ADFR,URYVR
ADFR,VA11
ADFR,VA12
ADFR,VA5
ADFR,VA6
ADFR,VA8
ADFR,VB1
ADFR,VC2
ADFR,VC3
ADFR,VC5
ADFR,VD1
ADFR,VD10
ADFR,VD11
ADFR,VD13
ADFR,VD3
ADFR,VD4
ADFR,VD8
ADFR,VD9
ADLL,AFDL
ADLL,AIAR
ADLL,AIBL
ADLL,AIBR
ADLL,AIMR
ADLL,AIYL
ADLL,ALMR
ADLL,AS10
ADLL,ASEL
ADLL,ASER
ADLL,ASGL
ADLL,ASGR
ADLL,ASHR
ADLL,ASIL
ADLL,ASJL
ADLL,ASJR
ADLL,ASKR
ADLL,AVAL
ADLL,AVAR
ADLL,AVBL
ADLL,AVBR
ADLL,AVDR
ADLL,AVER
ADLL,AVFL
ADLL,AVG
ADLL,AVKL
ADLL,AWBL
ADLL,AWBR
ADLL,AWCL
ADLL,BAGL
ADLL,BAGR
ADLL,BDUL
ADLL,BDUR
ADLL,CEPDL
ADLL,CEPVL
ADLL,CEPVR
ADLL,DA4
ADLL,DA7
ADLL,DB3
ADLL,DB5
ADLL,DD6
ADLL,DVA
ADLL,FLPL
ADLL,FLPR
ADLL,HSNR
ADLL,I2L
ADLL,I2R
ADLL,I4
ADLL,IL2DL
ADLL,LUAR
ADLL,M2L
ADLL,M2R
ADLL,M4
ADLL,M5
ADLL,MCR
ADLL,NSML
ADLL,NSMR
ADLL,OLLR
ADLL,OLQDL
ADLL,OLQDR
ADLL,OLQVR
ADLL,PDEL
ADLL,PDER
ADLL,PHAL
ADLL,PHAR
ADLL,PHBL
ADLL,PHBR
ADLL,PLMR
ADLL,PQR
ADLL,PVCL
ADLL,PVDL
ADLL,PVNL
ADLL,PVPR
ADLL,PVQL
ADLL,PVQR
ADLL,PVT
ADLL,RICL
ADLL,RIGL
ADLL,RIGR
ADLL,RIML
ADLL,RIMR
ADLL,RIVL
ADLL,RMDR
ADLL,RMED
ADLL,RMEV
ADLL,RMFL
ADLL,RMGL
ADLL,RMGR
ADLL,SAADL
ADLL,SAADR
ADLL,SAAVL
ADLL,SABVL
ADLL,SDQL
ADLL,SDQR
ADLL,SIADR
ADLL,SIAVR
ADLL,SIBDR
ADLL,SIBVL
ADLL,SMBVR
ADLL,SMDDL
ADLL,SMDDR
ADLL,URADL
ADLL,URAVL
ADLL,URAVR
ADLL,URXR
ADLL,URYDR
ADLL,VA11
ADLL,VA5
ADLL,VA8
ADLL,VA9
ADLL,VB11
ADLL,VC2
ADLL,VC5
ADLL,VD10
ADLL,VD2
ADLL,VD6
ADLL,VD8
ADLR,AIAL
ADLR,AIBR
ADLR,AIML
ADLR,AIMR
ADLR,AINL
ADLR,AIYL
ADLR,AIYR
ADLR,AIZR
ADLR,AS3
ADLR,AS5
ADLR,AS6
ADLR,AS7
ADLR,ASGL
ADLR,ASHL
ADLR,ASHR
ADLR,ASIL
ADLR,ASJR
ADLR,ASKR
ADLR,AUAL
ADLR,AVAL
ADLR,AVAR
ADLR,AVDR
ADLR,AVG
ADLR,AVKL
ADLR,AWAR
ADLR,BAGL
ADLR,BDUL
ADLR,BDUR
ADLR,CEPVL
ADLR,CEPVR
ADLR,DA2
ADLR,DA6
ADLR,DA9
ADLR,DB3
ADLR,DD1
ADLR,DD6
ADLR,DVA
ADLR,FLPL
ADLR,FLPR
ADLR,HSNL
ADLR,HSNR
ADLR,I1L
ADLR,I2L
ADLR,I2R
ADLR,IL1VR
ADLR,IL2L
ADLR,LUAR
ADLR,M3L
ADLR,M3R
ADLR,M4
ADLR,MCL
ADLR,NSML
ADLR,NSMR
ADLR,OLLL
ADLR,OLLR
ADLR,OLQVL
ADLR,OLQVR
ADLR,PDEL
ADLR,PHAL
ADLR,PHAR
ADLR,PHBR
ADLR,PLML
ADLR,PQR
ADLR,PVCL
ADLR,PVDR
ADLR,PVM
ADLR,PVNL
ADLR,PVPR
ADLR,PVQL
ADLR,PVQR
ADLR,PVR
ADLR,PVWL
ADLR,PVWR
ADLR,RIBR
ADLR,RICR
ADLR,RIFR
ADLR,RIGL
ADLR,RIGR
ADLR,RIML
ADLR,RIMR
ADLR,RIVR
ADLR,RMDVL
ADLR,RMEL
ADLR,RMER
ADLR,RMEV
ADLR,RMFL
ADLR,RMGL
ADLR,RMGR
ADLR,SAADR
ADLR,SDQR
ADLR,SIAVL
ADLR,SIBVL
ADLR,SMBDL
ADLR,SMBDR
ADLR,URADR
ADLR,URAVL
ADLR,URAVR
ADLR,URBR
ADLR,URXL
ADLR,URXR
ADLR,URYDL
ADLR,URYVR
ADLR,VA1
ADLR,VA6
ADLR,VA9
ADLR,VB5
ADLR,VC3
ADLR,VD1
ADLR,VD10
ADLR,VD13
ADLR,VD3
ADLR,VD4
ADLR,VD5
ADLR,VD6
ADLR,VD7
ADLR,VD9
AFDL,AIBR
AFDL,ALML
AFDL,ASEL
AFDL,ASER
AFDL,ASGL
AFDL,ASHL
AFDL,ASHR
AFDL,ASJL
AFDL,AUAR
AFDL,AVBL
AFDL,AVBR
AFDL,AVM
AFDL,BAGR
AFDL,BDUR
AFDL,CEPDL
AFDL,CEPVL
AFDL,DD2
AFDL,DD4
AFDL,FLPL
AFDL,HSNR
AFDL,IL2VR
AFDL,M3L
AFDL,M3R
AFDL,MCL
AFDL,OLQVR
AFDL,PDEL
AFDL,PDER
AFDL,PHAL
AFDL,PHAR
AFDL,PHBL
AFDL,PHBR
AFDL,PLMR
AFDL,PQR
AFDL,PVDL
AFDL,PVQL
AFDL,PVR
AFDL,PVWR
AFDL,RICL
AFDL,RIGL
AFDL,RIML
AFDL,RIMR
AFDL,RMEL
AFDL,RMER
AFDL,RMEV
AFDL,RMGR
AFDL,SAADL
AFDL,SAAVR
AFDL,SDQL
AFDL,SIAVL
AFDL,URADR
AFDL,URAVR
AFDL,URXL
AFDL,URYDL
AFDL,URYDR
AFDL,VA11
AFDL,VA5
AFDL,VD3
AFDL,VD6
AFDL,VD8
AFDL,VD9
AFDR,AIAL
AFDR,AIML
AFDR,AS3
AFDR,ASEL
AFDR,ASGR
AFDR,ASHL
AFDR,ASIL
AFDR,ASIR
AFDR,ASKL
AFDR,ASKR
AFDR,AVAL
AFDR,AVAR
AFDR,AVDL
AFDR,AVDR
AFDR,AVG
AFDR,AVJL
AFDR,AVL
AFDR,AWAL
AFDR,BAGR
AFDR,BDUL
AFDR,BDUR
AFDR,CEPDL
AFDR,CEPVR
AFDR,DD1
AFDR,DD3
AFDR,DD4
AFDR,FLPR
AFDR,HSNR
AFDR,I2L
AFDR,IL2DL
AFDR,M3L
AFDR,M5
AFDR,NSMR
AFDR,OLQDL
AFDR,PHAL
AFDR,PHAR
AFDR,PHBR
AFDR,PVCR
AFDR,PVDR
AFDR,RID
AFDR,RIGL
AFDR,RIGR
AFDR,RIML
AFDR,RIMR
AFDR,RIVL
AFDR,RMED
AFDR,RMGL
AFDR,RMGR
AFDR,SAADL
AFDR,SAADR
AFDR,SAAVR
AFDR,SABVL
AFDR,SDQR
AFDR,SIADL
AFDR,URADL
AFDR,URADR
AFDR,URXL
AFDR,URYVL
AFDR,URYVR
AFDR,VA3
AFDR,VC2
AFDR,VD10
AFDR,VD11
AFDR,VD13
AIAL,AIMR
AIAL,AIYL
AIAL,AIYR
AIAL,ALNR
AIAL,AS10
AIAL,AS2
AIAL,ASER
AIAL,ASHR
AIAL,ASIR
AIAL,AVAL
AIAL,AVBL
AIAL,AVER
AIAL,AVG
AIAL,AVL
AIAL,AWAL
AIAL,BDUR
AIAL,CEPDL
AIAL,CEPDR
AIAL,CEPVR
AIAL,DA7
AIAL,DB2
AIAL,DB6
AIAL,DD2
AIAL,FLPL
AIAL,FLPR
AIAL,I1L
AIAL,I2L
AIAL,I3
AIAL,IL2L
AIAL,MCR
AIAL,OLLR
AIAL,OLQDR
AIAL,PDEL
AIAL,PHAL
AIAL,PLMR
AIAL,PVCL
AIAL,PVPL
AIAL,PVQL
AIAL,RID
AIAL,RIFL
AIAL,RIGR
AIAL,RIML
AIAL,RIMR
AIAL,RMER
AIAL,RMEV
AIAL,RMGL
AIAL,RMGR
AIAL,SAADL
AIAL,SAAVL
AIAL,SABD
AIAL,SABVR
AIAL,SDQL
AIAL,SIADR
AIAL,SIAVL
AIAL,SMBDL
AIAL,SMBVL
AIAL,URADL
AIAL,URAVL
AIAL,URXL
AIAL,URXR
AIAL,URYDL
AIAL,URYVL
AIAL,VA1
AIAL,VB11
AIAL,VB2
AIAL,VD10
AIAL,VD11
AIAL,VD4
AIAL,VD5
AIAR,AIZR
AIAR,AQR
AIAR,AS1
AIAR,ASER
AIAR,ASGL
AIAR,ASGR
AIAR,ASHL
AIAR,ASHR
AIAR,ASIL
AIAR,ASIR
AIAR,ASJL
AIAR,ASJR
AIAR,ASKL
AIAR,ASKR
AIAR,AVAL
AIAR,AVDR
AIAR,AVJR
AIAR,AVKL
AIAR,AVM
AIAR,BAGL
AIAR,BAGR
AIAR,CEPVR
AIAR,DA7
AIAR,DB3
AIAR,DD2
AIAR,DD5
AIAR,FLPL
AIAR,FLPR
AIAR,HSNL
AIAR,I2L
AIAR,I5
AIAR,IL2R
AIAR,M3R
AIAR,MCL
AIAR,NSML
AIAR,NSMR
AIAR,OLQDR
AIAR,OLQVL
AIAR,OLQVR
AIAR,PDER
AIAR,PHAR
AIAR,PQR
AIAR,PVCR
AIAR,PVQR
AIAR,PVWL
AIAR,RIAL
AIAR,RICR
AIAR,RID
AIAR,RIFR
AIAR,RIGL
AIAR,RIML
AIAR,RIMR
AIAR,RMDR
AIAR,RMEL
AIAR,RMFL
AIAR,RMGL
AIAR,SAADR
AIAR,SABD
AIAR,SDQL
AIAR,URADR
AIAR,URAVR
AIAR,URXR
AIAR,URYVL
AIAR,URYVR
AIAR,VD1
AIAR,VD10
AIAR,VD12
AIAR,VD2
AIAR,VD3
AIAR,VD8
AIBL,AIYL
AIBL,AS8
AIBL,ASEL
AIBL,AVAL
AIBL,AVER
AIBL,AVM
AIBL,CEPDR
AIBL,CEPVL
AIBL,DB2
AIBL,DD4
AIBL,DVA
AIBL,HSNR
AIBL,I1R
AIBL,I2L
AIBL,IL2DR
AIBL,M3R
AIBL,OLQVR
AIBL,PDEL
AIBL,PDER
AIBL,PHAR
AIBL,PHBL
AIBL,PLMR
AIBL,RID
AIBL,RIFR
AIBL,RIML
AIBL,RIMR
AIBL,RIVR
AIBL,RMED
AIBL,RMGR
AIBL,SDQR
AIBL,URADR
AIBL,URAVR
AIBL,URXL
AIBL,VB9
AIBL,VD1
AIBL,VD11
AIBR,ASEL
AIBR,ASER
AIBR,ASHR
AIBR,ASJR
AIBR,ASKL
AIBR,AVAR
AIBR,AVDR
AIBR,AVHR
AIBR,AVJL
AIBR,AWBR
AIBR,AWCL
AIBR,CEPVL
AIBR,DA3
AIBR,DB4
AIBR,DD4
AIBR,IL1R
AIBR,IL2L
AIBR,IL2VR
AIBR,NSMR
AIBR,OLQDR
AIBR,PDEL
AIBR,PHAL
AIBR,PLMR
AIBR,PVWL
AIBR,RIGR
AIBR,RIML
AIBR,RIMR
AIBR,RIS
AIBR,RMGL
AIBR,SAADL
AIBR,SDQR
AIBR,URAVR
AIBR,VD2
AIBR,VD3
AIBR,VD6
AIBR,VD7
AIBR,VD8
AIBR,VD9
AIML,AQR
AIML,ASGL
AIML,ASGR
AIML,ASHL
AIML,ASHR
AIML,ASIL
AIML,ASIR
AIML,ASJL
AIML,ASKR
AIML,AVBR
AIML,AVDL
AIML,AVER
AIML,AVFL
AIML,AVHL
AIML,BDUR
AIML,CEPDL
AIML,CEPVL
AIML,DA8
AIML,DD1
AIML,DD4
AIML,DD5
AIML,DD6
AIML,FLPL
AIML,FLPR
AIML,IL2DL
AIML,IL2VL
AIML,M5
AIML,OLQVR
AIML,PDEL
AIML,PDER
AIML,PHAL
AIML,PHAR
AIML,PHBL
AIML,PLML
AIML,PLMR
AIML,PQR
AIML,PVCL
AIML,PVDL
AIML,PVNL
AIML,PVQL
AIML,RIML
AIML,RIMR
AIML,RIPR
AIML,RMER
AIML,RMEV
AIML,RMGL
AIML,RMGR
AIML,SAADL
AIML,SABVL
AIML,SABVR
AIML,SIAVR
AIML,SMDVL
AIML,URAVR
AIML,URBR
AIML,URXL
AIML,URYDR
AIML,VC2
AIML,VD12
AIML,VD13
AIML,VD2
AIML,VD4
AIML,VD5
AIML,VD8
AIMR,ALMR
AIMR,AQR
AIMR,ASEL
AIMR,ASGL
AIMR,ASGR
AIMR,ASHR
AIMR,ASIL
AIMR,ASIR
AIMR,ASJL
AIMR,ASKL
AIMR,AVAL
AIMR,AVBR
AIMR,AVDL
AIMR,AVDR
AIMR,AVER
AIMR,AVHR
AIMR,AVKL
AIMR,AVL
AIMR,AWCR
AIMR,BDUL
AIMR,CANR
AIMR,CEPDL
AIMR,CEPDR
AIMR,CEPVR
AIMR,DA2
AIMR,DD1
AIMR,DD4
AIMR,DD6
AIMR,FLPL
AIMR,HSNR
AIMR,I2L
AIMR,IL2VR
AIMR,M3L
AIMR,M5
AIMR,MCL
AIMR,NSML
AIMR,OLQDL
AIMR,OLQDR
AIMR,PDEL
AIMR,PDER
AIMR,PHAL
AIMR,PHAR
AIMR,PHBL
AIMR,PQR
AIMR,PVPR
AIMR,PVR
AIMR,RICL
AIMR,RIMR
AIMR,RMER
AIMR,RMEV
AIMR,RMGL
AIMR,SAADR
AIMR,URBL
AIMR,URXL
AIMR,URXR
AIMR,VC1
AIMR,VD1
AIMR,VD3
AIMR,VD5
AINL,ASIL
AINL,AVAL
AINL,AVBR
AINL,AVJR
AINL,PHAR
AINL,RIAR
AINL,RIGR
AINR,AIYR
AINR,AVAL
AINR,AVAR
AINR,AVKR
AINR,CEPVL
AINR,CEPVR
AINR,HSNL
AINR,PDA
AINR,PVT
AINR,RIML
AINR,URYVR
AIYL,AIYL
AIYL,AIYR
AIYL,AIZL
AIYL,ALA
AIYL,AQR
AIYL,AS5
AIYL,AS7
AIYL,ASEL
AIYL,ASER
AIYL,ASGR
AIYL,ASHR
AIYL,ASIL
AIYL,ASIR
AIYL,ASJL
AIYL,ASKR
AIYL,AUAL
AIYL,AVAL
AIYL,AVAR
AIYL,AVDL
AIYL,AVDR
AIYL,AVEL
AIYL,AVER
AIYL,AVFL
AIYL,AVKL
AIYL,AWBL
AIYL,BAGR
AIYL,BDUL
AIYL,BDUR
AIYL,CEPDL
AIYL,CEPDR
AIYL,CEPVL
AIYL,CEPVR
AIYL,DA9
AIYL,DB1
AIYL,DB2
AIYL,DB6
AIYL,DD1
AIYL,DD2
AIYL,DD3
AIYL,DD4
AIYL,DD6
AIYL,DVA
AIYL,DVB
AIYL,FLPL
AIYL,FLPR
AIYL,HSNL
AIYL,I1L
AIYL,I2R
AIYL,IL2DL
AIYL,IL2DR
AIYL,IL2VL
AIYL,LUAL
AIYL,M1
AIYL,M2L
AIYL,M3L
AIYL,M3R
AIYL,M4
AIYL,MCL
AIYL,NSML
AIYL,NSMR
AIYL,OLLL
AIYL,OLQDL
AIYL,OLQDR
AIYL,OLQVL
AIYL,OLQVR
AIYL,PDEL
AIYL,PDER
AIYL,PHBL
AIYL,PHBR
AIYL,PVCL
AIYL,PVM
AIYL,PVNL
AIYL,PVQR
AIYL,PVR
AIYL,PVT
AIYL,PVWL
AIYL,RIBR
AIYL,RICR
AIYL,RIGL
AIYL,RIML
AIYL,RIMR
AIYL,RIVR
AIYL,RMED
AIYL,RMER
AIYL,RMGR
AIYL,SAADL
AIYL,SABVL
AIYL,SDQL
AIYL,SIADR
AIYL,SIAVR
AIYL,SIBDL
AIYL,SMBDL
AIYL,URAVR
AIYL,URXL
AIYL,URXR
AIYL,URYDL
AIYL,URYDR
AIYL,URYVR
AIYL,VA6
AIYL,VA8
AIYL,VB1
AIYL,VB9
AIYL,VC4
AIYL,VC6
AIYL,VD11
AIYL,VD2
AIYL,VD6
AIYL,VD7
AIYL,VD8
AIYL,VD9
AIYR,ALML
AIYR,ALMR
AIYR,AS10
AIYR,ASEL
AIYR,ASER
AIYR,ASGL
AIYR,ASGR
AIYR,ASHR
AIYR,ASIL
AIYR,ASIR
AIYR,ASJR
AIYR,ASKL
AIYR,AUAL
AIYR,AVAL
AIYR,AVAR
AIYR,AVDL
AIYR,AVFL
AIYR,AVHR
AIYR,AVJR
AIYR,AVKL
AIYR,AWAR
AIYR,AWBL
AIYR,CEPDL
AIYR,CEPDR
AIYR,CEPVL
AIYR,CEPVR
AIYR,DA5
AIYR,DA9
AIYR,DB2
AIYR,DD1
AIYR,DD3
AIYR,DD4
AIYR,DD5
AIYR,DD6
AIYR,DVC
AIYR,FLPR
AIYR,HSNL
AIYR,I1L
AIYR,I2R
AIYR,I3
AIYR,I6
AIYR,IL1R
AIYR,IL2DL
AIYR,IL2L
AIYR,IL2VL
AIYR,IL2VR
AIYR,LUAL
AIYR,M3L
AIYR,M3R
AIYR,MCL
AIYR,MCR
AIYR,NSMR
AIYR,OLLL
AIYR,OLQVL
AIYR,OLQVR
AIYR,PDEL
AIYR,PDER
AIYR,PQR
AIYR,PVCL
AIYR,PVDL
AIYR,PVDR
AIYR,PVM
AIYR,PVNL
AIYR,PVPR
AIYR,PVQL
AIYR,PVQR
AIYR,PVR
AIYR,PVT
AIYR,PVWL
AIYR,RICL
AIYR,RICR
AIYR,RIFR
AIYR,RIGL
AIYR,RIGR
AIYR,RIML
AIYR,RIMR
AIYR,RIS
AIYR,RIVR
AIYR,RMER
AIYR,RMEV
AIYR,RMGL
AIYR,SAADL
AIYR,SIADL
AIYR,SIAVR
AIYR,SMBDL
AIYR,SMDDL
AIYR,SMDDR
AIYR,SMDVL
AIYR,URADL
AIYR,URADR
AIYR,URAVR
AIYR,URXL
AIYR,URXR
AIYR,URYDL
AIYR,URYVL
AIYR,URYVR
AIYR,VA11
AIYR,VA3
AIYR,VA5
AIYR,VB1
AIYR,VB10
AIYR,VB4
AIYR,VB5
AIYR,VB8
AIYR,VC5
AIYR,VD1
AIYR,VD12
AIYR,VD13
AIYR,VD2
AIYR,VD5
AIYR,VD6
AIYR,VD9
AIZL,ASEL
AIZL,ASER
AIZL,ASGR
AIZL,ASHL
AIZL,ASHR
AIZL,ASJL
AIZL,ASJR
AIZL,ASKL
AIZL,ASKR
AIZL,AVAR
AIZL,AVBL
AIZL,AVBR
AIZL,AVDR
AIZL,AVEL
AIZL,AVER
AIZL,AVFL
AIZL,AVL
AIZL,BDUR
AIZL,CEPVR
AIZL,DA2
AIZL,FLPL
AIZL,FLPR
AIZL,I2R
AIZL,IL2VR
AIZL,LUAL
AIZL,M2L
AIZL,M2R
AIZL,M3L
AIZL,M4
AIZL,MCL
AIZL,OLLR
AIZL,OLQDR
AIZL,OLQVR
AIZL,PDER
AIZL,PHAR
AIZL,PHBL
AIZL,PHBR
AIZL,PLNR
AIZL,PVPR
AIZL,PVQL
AIZL,PVWL
AIZL,PVWR
AIZL,RIAL
AIZL,RIGR
AIZL,RIML
AIZL,RIMR
AIZL,RMDR
AIZL,RMEV
AIZL,RMGR
AIZL,SABD
AIZL,SDQR
AIZL,SIAVL
AIZL,SMBDL
AIZL,URADL
AIZL,URADR
AIZL,URXL
AIZL,URYVL
AIZL,VA1
AIZL,VD11
AIZL,VD3
AIZL,VD7
AIZL,VD8
AIZR,AS11
AIZR,ASER
AIZR,ASGL
AIZR,ASHL
AIZR,ASHR
AIZR,ASIL
AIZR,ASJL
AIZR,ASJR
AIZR,ASKL
AIZR,AVAL
AIZR,AVAR
AIZR,AVBR
AIZR,AVDR
AIZR,AVEL
AIZR,AVFR
AIZR,AVM
AIZR,CEPDL
AIZR,CEPDR
AIZR,CEPVL
AIZR,CEPVR
AIZR,DA6
AIZR,DD3
AIZR,FLPR
AIZR,HSNL
AIZR,HSNR
AIZR,M2L
AIZR,M2R
AIZR,NSML
AIZR,PDEL
AIZR,PHAL
AIZR,PHAR
AIZR,PHBL
AIZR,PHCR
AIZR,PLNL
AIZR,PQR
AIZR,PVCL
AIZR,PVCR
AIZR,PVDR
AIZR,PVPR
AIZR,RIBR
AIZR,RICL
AIZR,RICR
AIZR,RIFL
AIZR,RIH
AIZR,RIML
AIZR,RIMR
AIZR,RIVR
AIZR,RMGL
AIZR,RMGR
AIZR,SAADR
AIZR,SABVR
AIZR,SMBDL
AIZR,SMDVR
AIZR,URAVR
AIZR,URXL
AIZR,URYDL
AIZR,URYVL
AIZR,VA11
AIZR,VB10
AIZR,VD11
AIZR,VD13
AIZR,VD5
ALA,ASGL
ALA,ASIL
ALA,AVAL
ALA,DD1
ALA,DD3
ALA,PDER
ALA,PVCR
ALA,URADL
ALA,URAVL
ALA,URAVR
ALA,VD10
ALA,VD3
ALML,ALNR
ALML,AQR
ALML,AS4
ALML,ASER
ALML,ASGL
ALML,ASHL
ALML,ASIR
ALML,ASJL
ALML,ASKR
ALML,AVAL
ALML,AVAR
ALML,AVHR
ALML,AVJR
ALML,AVL
ALML,AWBR
ALML,BDUL
ALML,CEPDL
ALML,CEPDR
ALML,CEPVL
ALML,CEPVR
ALML,DD3
ALML,DD5
ALML,DVA
ALML,FLPR
ALML,HSNL
ALML,I1L
ALML,I2L
ALML,I2R
ALML,M2R
ALML,M3L
ALML,MCL
ALML,MCR
ALML,NSML
ALML,NSMR
ALML,OLQDL
ALML,PHAL
ALML,PHBR
ALML,PQR
ALML,PVCR
ALML,PVNR
ALML,PVQR
ALML,RIFL
ALML,RIGR
ALML,RIML
ALML,RIMR
ALML,RMDVL
ALML,RMEL
ALML,RMGL
ALML,SAADL
ALML,SAADR
ALML,SAAVR
ALML,SDQL
ALML,URADL
ALML,URXR
ALML,VC5
ALML,VD10
ALML,VD11
ALML,VD12
ALMR,ASGL
ALMR,ASHR
ALMR,ASIL
ALMR,ASJR
ALMR,AVAL
ALMR,AVAR
ALMR,AVBL
ALMR,AVBR
ALMR,AVDL
ALMR,AVEL
ALMR,AVHR
ALMR,AWAR
ALMR,BAGR
ALMR,BDUL
ALMR,CEPDL
ALMR,CEPVL
ALMR,CEPVR
ALMR,DB1
ALMR,DD1
ALMR,DD4
ALMR,DVA
ALMR,FLPL
ALMR,HSNR
ALMR,I1R
ALMR,IL2R
ALMR,M1
ALMR,M3L
ALMR,M3R
ALMR,M4
ALMR,MCL
ALMR,NSML
ALMR,NSMR
ALMR,OLQVL
ALMR,PHAL
ALMR,PHBL
ALMR,PHBR
ALMR,PVR
ALMR,PVWL
ALMR,PVWR
ALMR,RIAR
ALMR,RIFL
ALMR,RIML
ALMR,RIMR
ALMR,RIS
ALMR,RMEL
ALMR,RMEV
ALMR,URAVL
ALMR,URXL
ALMR,URXR
ALMR,URYVR
ALMR,VA3
ALMR,VD10
ALMR,VD11
ALMR,VD5
ALMR,VD6
ALMR,VD9
ALNL,AVAR
ALNL,BDUL
ALNL,I2L
ALNL,MCL
ALNL,PDEL
ALNL,PHAL
ALNL,PHAR
ALNL,RIML
ALNL,RIMR
ALNL,RIVL
ALNL,RMER
ALNL,URXL
ALNL,VA7
ALNL,VD12
ALNR,ASGL
ALNR,ASJL
ALNR,AVAL
ALNR,AVAR
ALNR,AVDR
ALNR,CEPDL
ALNR,FLPL
ALNR,HSNL
ALNR,M3L
ALNR,PDER
ALNR,PHAR
ALNR,PQR
ALNR,RIML
ALNR,RIMR
ALNR,VD3
AQR,AS10
AQR,AS4
AQR,ASEL
AQR,ASER
AQR,ASGR
AQR,ASHL
AQR,ASHR
AQR,ASIL
AQR,ASIR
AQR,ASJL
AQR,ASKL
AQR,AUAL
AQR,AVAR
AQR,AVDL
AQR,AVFL
AQR,AVFR
AQR,AVG
AQR,AVKL
AQR,CEPDL
AQR,CEPDR
AQR,CEPVL
AQR,CEPVR
AQR,DB4
AQR,DD2
AQR,DD3
AQR,DVA
AQR,FLPL
AQR,I1L
AQR,I1R
AQR,I2R
AQR,I6
AQR,LUAL
AQR,M3L
AQR,M4
AQR,NSML
AQR,NSMR
AQR,OLQDL
AQR,OLQDR
AQR,OLQVR
AQR,PDEL
AQR,PDER
AQR,PHAL
AQR,PHAR
AQR,PHBL
AQR,PLML
AQR,PQR
AQR,PVNL
AQR,PVNR
AQR,PVPL
AQR,PVPR
AQR,PVQR
AQR,PVT
AQR,PVWL
AQR,RIBR
AQR,RICR
AQR,RIGL
AQR,RIGR
AQR,RIML
AQR,RIMR
AQR,RMDDR
AQR,RMED
AQR,RMER
AQR,RMEV
AQR,RMGL
AQR,RMGR
AQR,SAADR
AQR,SABVR
AQR,SIAVL
AQR,URADR
AQR,URAVL
AQR,URAVR
AQR,URXL
AQR,URXR
AQR,URYVR
AQR,VA3
AQR,VD10
AQR,VD13
AQR,VD2
AQR,VD3
AQR,VD5
AQR,VD6
AQR,VD7
AQR,VD8
AS1,ASER
AS1,ASGL
AS1,ASJR
AS1,ASKL
AS1,AVAL
AS1,AVBL
AS1,AVBR
AS1,AVDR
AS1,AVFR
AS1,AVKL
AS1,AWBL
AS1,CEPDL
AS1,CEPVR
AS1,DD1
AS1,FLPR
AS1,I2L
AS1,M3R
AS1,RIML
AS1,SAADR
AS1,URADR
AS1,VA1
AS1,VA4
AS1,VC5
AS1,VD9
AS10,ASGR
AS10,ASIR
AS10,CEPVR
AS10,DD3
AS10,DD4
AS10,I2R
AS10,IL2R
AS10,OLQVL
AS10,PQR
AS10,PVCR
AS10,RIGL
AS10,RIS
AS10,VB3
AS10,VD7
AS11,ASEL
AS11,ASIL
AS11,ASIR
AS11,ASKR
AS11,AVAL
AS11,AVBL
AS11,AVM
AS11,FLPL
AS11,FLPR
AS11,HSNL
AS11,IL2L
AS11,M3L
AS11,OLQDR
AS11,PDER
AS11,PVDR
AS11,RIML
AS11,RIMR
AS11,RMDDL
AS11,VB9
AS2,ASER
AS2,ASGL
AS2,ASGR
AS2,ASKL
AS2,AVFR
AS2,BAGL
AS2,CEPVL
AS2,IL2R
AS2,OLLR
AS2,PDEL
AS2,PLML
AS2,PQR
AS2,PVM
AS2,RIML
AS2,RMEL
AS2,RMEV
AS2,SAADL
AS2,URAVR
AS2,URXL
AS2,URXR
AS2,VB4
AS3,AS4
AS3,ASEL
AS3,ASER
AS3,ASGR
AS3,AVAR
AS3,CEPVL
AS3,DB2
AS3,DVA
AS3,FLPL
AS3,I2R
AS3,MCL
AS3,PHAL
AS3,PHBL
AS3,PHBR
AS3,PQR
AS3,PVM
AS3,RIMR
AS3,SAADR
AS3,URYVL
AS3,VC2
AS4,ASEL
AS4,ASGR
AS4,AVAL
AS4,AVBL
AS4,CEPDL
AS4,CEPDR
AS4,PHAL
AS4,PVWL
AS4,PVWR
AS4,RIBR
AS4,RIH
AS4,RIMR
AS4,RMGR
AS4,SAADR
AS4,URXR
AS4,VB2
AS4,VD11
AS4,VD13
AS5,AS9
AS5,AVDL
AS5,AVDR
AS5,AWCR
AS5,BAGL
AS5,CEPVR
AS5,DB2
AS5,DD1
AS5,PDER
AS5,PVQR
AS5,PVWL
AS5,RIAR
AS5,RICL
AS5,RICR
AS5,RIGL
AS5,SAAVR
AS5,SABVL
AS5,SDQL
AS5,SMDDL
AS5,VB10
AS5,VD1
AS6,ASJR
AS6,AVAR
AS6,AVFL
AS6,AWBL
AS6,BAGL
AS6,BDUL
AS6,CEPDR
AS6,DVA
AS6,FLPR
AS6,OLLL
AS6,PVQL
AS6,RIBL
AS6,RICL
AS6,RIMR
AS6,RMDL
AS6,RMED
AS6,RMEL
AS6,SIAVR
AS6,URADR
AS6,VD6
AS7,ASKR
AS7,AUAL
AS7,AVAR
AS7,CEPDL
AS7,DD5
AS7,IL2L
AS7,PVM
AS7,PVT
AS7,RIMR
AS7,RMEV
AS7,RMGR
AS7,SABD
AS7,SDQR
AS7,SIAVR
AS7,SMBVR
AS8,ASIR
AS8,CEPDL
AS8,CEPVL
AS8,DA3
AS8,DD2
AS8,M3R
AS8,PDEL
AS8,PDER
AS8,RIBL
AS8,RIMR
AS8,VA12
AS8,VA4
AS9,ASJR
AS9,AUAR
AS9,AVAR
AS9,AVM
AS9,AWAR
AS9,CEPVR
AS9,DD4
AS9,HSNR
AS9,OLLR
AS9,OLQDR
AS9,PHAL
AS9,PHAR
AS9,PQR
AS9,PVCR
AS9,RIFR
AS9,RMGR
ASEL,ASEL
ASEL,ASER
ASEL,ASHL
ASEL,ASIL
ASEL,ASIR
ASEL,ASJL
ASEL,ASKR
ASEL,AVAL
ASEL,AVAR
ASEL,AVBL
ASEL,AVBR
ASEL,AVDL
ASEL,AVER
ASEL,AVFL
ASEL,AVFR
ASEL,AVG
ASEL,AVJL
ASEL,AVKL
ASEL,AVM
ASEL,AWAL
ASEL,BAGL
ASEL,BAGR
ASEL,BDUL
ASEL,BDUR
ASEL,CANR
ASEL,CEPDL
ASEL,CEPDR
ASEL,CEPVL
ASEL,CEPVR
ASEL,DA1
ASEL,DA5
ASEL,DA8
ASEL,DB6
ASEL,DD2
ASEL,DD3
ASEL,DD5
ASEL,DD6
ASEL,DVA
ASEL,FLPL
ASEL,FLPR
ASEL,I1L
ASEL,I1R
ASEL,I2L
ASEL,I2R
ASEL,IL2DL
ASEL,IL2DR
ASEL,IL2R
ASEL,IL2VL
ASEL,IL2VR
ASEL,LUAR
ASEL,M2L
ASEL,M2R
ASEL,M3L
ASEL,M3R
ASEL,M4
ASEL,M5
ASEL,MCL
ASEL,MCR
ASEL,NSML
ASEL,OLLL
ASEL,OLQDL
ASEL,OLQDR
ASEL,OLQVL
ASEL,OLQVR
ASEL,PDEL
ASEL,PDER
ASEL,PHAL
ASEL,PHAR
ASEL,PHBL
ASEL,PHBR
ASEL,PLMR
ASEL,PQR
ASEL,PVCL
ASEL,PVCR
ASEL,PVDL
ASEL,PVNL
ASEL,PVQL
ASEL,PVQR
ASEL,PVT
ASEL,PVWL
ASEL,PVWR
ASEL,RIBL
ASEL,RICL
ASEL,RICR
ASEL,RIGL
ASEL,RIGR
ASEL,RIML
ASEL,RIMR
ASEL,RIVL
ASEL,RMDDL
ASEL,RMDL
ASEL,RMDVR
ASEL,RMED
ASEL,RMEL
ASEL,RMER
ASEL,RMEV
ASEL,RMFR
ASEL,RMGR
ASEL,SAADL
ASEL,SAADR
ASEL,SAAVR
ASEL,SABVL
ASEL,SIAVL
ASEL,SMBDL
ASEL,SMBDR
ASEL,SMDVR
ASEL,URADR
ASEL,URAVL
ASEL,URXL
ASEL,URXR
ASEL,URYDR
ASEL,URYVL
ASEL,URYVR
ASEL,VA2
ASEL,VA4
ASEL,VB11
ASEL,VB3
ASEL,VB6
ASEL,VC2
ASEL,VD13
ASEL,VD2
ASEL,VD3
ASEL,VD5
ASEL,VD7
ASER,ASGL
ASER,ASGR
ASER,ASHL
ASER,ASHR
ASER,ASIL
ASER,ASIR
ASER,ASJL
ASER,ASJR
ASER,ASKL
ASER,ASKR
ASER,AUAR
ASER,AVAL
ASER,AVAR
ASER,AVBL
ASER,AVBR
ASER,AVDL
ASER,AVDR
ASER,AVEL
ASER,AVER
ASER,AVFR
ASER,AVKL
ASER,AVKR
ASER,AVM
ASER,AWBL
ASER,AWCR
ASER,BAGR
ASER,BDUR
ASER,CEPDL
ASER,CEPVL
ASER,CEPVR
ASER,DA1
ASER,DA2
ASER,DB1
ASER,DB2
ASER,DB5
ASER,DD1
ASER,DD5
ASER,DD6
ASER,DVA
ASER,DVC
ASER,FLPL
ASER,HSNR
ASER,I1R
ASER,I2L
ASER,I5
ASER,IL2DR
ASER,M2L
ASER,M2R
ASER,M3L
ASER,M3R
ASER,MCL
ASER,NSMR
ASER,OLLR
ASER,OLQDL
ASER,OLQDR
ASER,OLQVR
ASER,PDEL
ASER,PDER
ASER,PHAL
ASER,PHAR
ASER,PHBL
ASER,PHBR
ASER,PLMR
ASER,PLNL
ASER,PQR
ASER,PVCL
ASER,PVCR
ASER,PVM
ASER,PVNL
ASER,PVPL
ASER,PVQR
ASER,PVR
ASER,PVT
ASER,PVWL
ASER,PVWR
ASER,RIAL
ASER,RIBR
ASER,RICR
ASER,RID
ASER,RIFL
ASER,RIFR
ASER,RIGR
ASER,RIML
ASER,RIMR
ASER,RIPL
ASER,RIVR
ASER,RMDVL
ASER,RMER
ASER,RMEV
ASER,RMGL
ASER,RMGR
ASER,SAADL
ASER,SAAVR
ASER,SDQL
ASER,SIADR
ASER,SIAVL
ASER,SIBDL
ASER,SMBDR
ASER,URADL
ASER,URAVL
ASER,URAVR
ASER,URXL
ASER,URXR
ASER,URYDR
ASER,URYVR
ASER,VA11
ASER,VA3
ASER,VB2
ASER,VB3
ASER,VB4
ASER,VD12
ASER,VD13
ASER,VD3
ASER,VD4
ASER,VD5
ASER,VD7
ASER,VD9
ASGL,ASGL
ASGL,ASGR
ASGL,ASHR
ASGL,ASIL
ASGL,ASJL
ASGL,ASJR
ASGL,ASKL
ASGL,ASKR
ASGL,AVBL
ASGL,AVDL
ASGL,AVER
ASGL,AVFR
ASGL,AVG
ASGL,AVHL
ASGL,AVJL
ASGL,AVJR
ASGL,AVKR
ASGL,AVL
ASGL,AVM
ASGL,AWAL
ASGL,AWBL
ASGL,AWBR
ASGL,BAGL
ASGL,BAGR
ASGL,BDUL
ASGL,CEPDR
ASGL,CEPVL
ASGL,CEPVR
ASGL,DA1
ASGL,DB4
ASGL,DD3
ASGL,DD4
ASGL,DD6
ASGL,DVA
ASGL,FLPL
ASGL,HSNL
ASGL,HSNR
ASGL,I1R
ASGL,IL2DR
ASGL,IL2VL
ASGL,IL2VR
ASGL,LUAL
ASGL,LUAR
ASGL,M1
ASGL,M2R
ASGL,M3L
ASGL,M3R
ASGL,OLLR
ASGL,OLQVL
ASGL,PDEL
ASGL,PDER
ASGL,PHAL
ASGL,PHBL
ASGL,PHBR
ASGL,PLMR
ASGL,PQR
ASGL,PVCR
ASGL,PVDL
ASGL,PVPL
ASGL,PVPR
ASGL,PVQR
ASGL,PVR
ASGL,PVT
ASGL,PVWL
ASGL,PVWR
ASGL,RIAL
ASGL,RIAR
ASGL,RIBL
ASGL,RICL
ASGL,RIFR
ASGL,RIGL
ASGL,RIGR
ASGL,RIML
ASGL,RIMR
ASGL,RIS
ASGL,RIVL
ASGL,RIVR
ASGL,RMDVL
ASGL,RMDVR
ASGL,RMED
ASGL,RMEL
ASGL,RMER
ASGL,RMGR
ASGL,SAADL
ASGL,SAADR
ASGL,SABVL
ASGL,SABVR
ASGL,SDQL
ASGL,SDQR
ASGL,SIAVL
ASGL,SIBVL
ASGL,SMBDR
ASGL,SMDDR
ASGL,SMDVL
ASGL,URAVR
ASGL,URXL
ASGL,URXR
ASGL,URYDL
ASGL,URYVL
ASGL,URYVR
ASGL,VA1
ASGL,VA4
ASGL,VC4
ASGL,VD12
ASGL,VD3
ASGL,VD5
ASGL,VD6
ASGL,VD7
ASGL,VD8
ASGR,ASHL
ASGR,ASIR
ASGR,ASJR
ASGR,ASKL
ASGR,ASKR
ASGR,AUAL
ASGR,AVAL
ASGR,AVAR
ASGR,AVBL
ASGR,AVBR
ASGR,AVDR
ASGR,AVEL
ASGR,AVER
ASGR,AVFL
ASGR,AVHR
ASGR,AVKL
ASGR,AVM
ASGR,AWAR
ASGR,AWCR
ASGR,BAGR
ASGR,BDUL
ASGR,CEPDL
ASGR,CEPDR
ASGR,CEPVL
ASGR,DA2
ASGR,DA6
ASGR,DB3
ASGR,DB4
ASGR,DD1
ASGR,DVA
ASGR,DVB
ASGR,FLPR
ASGR,HSNL
ASGR,HSNR
ASGR,I1L
ASGR,I2L
ASGR,I2R
ASGR,IL1DR
ASGR,IL1VR
ASGR,IL2DL
ASGR,IL2VR
ASGR,LUAL
ASGR,M1
ASGR,M2L
ASGR,M2R
ASGR,M4
ASGR,MCL
ASGR,MCR
ASGR,MI
ASGR,NSML
ASGR,OLLR
ASGR,OLQDL
ASGR,OLQDR
ASGR,OLQVL
ASGR,OLQVR
ASGR,PDER
ASGR,PHAL
ASGR,PHAR
ASGR,PHBL
ASGR,PHBR
ASGR,PHCR
ASGR,PLMR
ASGR,PQR
ASGR,PVCR
ASGR,PVDL
ASGR,PVM
ASGR,PVNR
ASGR,PVPR
ASGR,PVQL
ASGR,PVQR
ASGR,PVR
ASGR,PVT
ASGR,PVWL
ASGR,RIBR
ASGR,RIFL
ASGR,RIGL
ASGR,RIGR
ASGR,RIMR
ASGR,RIS
ASGR,RIVL
ASGR,RIVR
ASGR,RMDR
ASGR,RMDVR
ASGR,RMED
ASGR,RMEL
ASGR,RMER
ASGR,RMEV
ASGR,RMGL
ASGR,RMGR
ASGR,SAADL
ASGR,SAAVL
ASGR,SABVL
ASGR,SDQL
ASGR,SDQR
ASGR,SIADL
ASGR,SIAVL
ASGR,SIAVR
ASGR,SMBDR
ASGR,URAVL
ASGR,URXL
ASGR,URYVL
ASGR,URYVR
ASGR,VA2
ASGR,VB10
ASGR,VC2
ASGR,VD1
ASGR,VD10
ASGR,VD11
ASGR,VD3
ASGR,VD6
ASGR,VD8
ASHL,ASHR
ASHL,ASIL
ASHL,ASJL
ASHL,ASKL
ASHL,ASKR
ASHL,AUAR
ASHL,AVBL
ASHL,AVDL
ASHL,AVEL
ASHL,AVER
ASHL,AVG
ASHL,AVJR
ASHL,AVKL
ASHL,AVM
ASHL,AWBL
ASHL,AWBR
ASHL,BAGR
ASHL,BDUL
ASHL,BDUR
ASHL,CEPDL
ASHL,CEPVL
ASHL,CEPVR
ASHL,DA2
ASHL,DA5
ASHL,DA6
ASHL,DB1
ASHL,DB2
ASHL,DB6
ASHL,DD1
ASHL,DD2
ASHL,DD6
ASHL,DVA
ASHL,FLPL
ASHL,FLPR
ASHL,HSNL
ASHL,HSNR
ASHL,I1L
ASHL,I1R
ASHL,I2L
ASHL,I3
ASHL,I4
ASHL,IL2L
ASHL,IL2R
ASHL,IL2VL
ASHL,M2L
ASHL,M2R
ASHL,M3R
ASHL,M4
ASHL,NSML
ASHL,OLLL
ASHL,OLQDL
ASHL,OLQVL
ASHL,OLQVR
ASHL,PDEL
ASHL,PHAL
ASHL,PHAR
ASHL,PHBL
ASHL,PQR
ASHL,PVCR
ASHL,PVDL
ASHL,PVDR
ASHL,PVM
ASHL,PVNL
ASHL,PVPL
ASHL,PVQL
ASHL,PVQR
ASHL,PVR
ASHL,PVT
ASHL,PVWR
ASHL,RIAL
ASHL,RIAR
ASHL,RIBR
ASHL,RICL
ASHL,RICR
ASHL,RID
ASHL,RIFL
ASHL,RIFR
ASHL,RIGL
ASHL,RIML
ASHL,RIMR
ASHL,RIPL
ASHL,RMDDR
ASHL,RMDR
ASHL,RMDVL
ASHL,RMED
ASHL,RMEL
ASHL,RMER
ASHL,RMEV
ASHL,RMGL
ASHL,RMGR
ASHL,SAADR
ASHL,SIADL
ASHL,SIAVR
ASHL,SMBDL
ASHL,URAVL
ASHL,URXL
ASHL,URXR
ASHL,URYDL
ASHL,URYVL
ASHL,VA11
ASHL,VA12
ASHL,VA4
ASHL,VB3
ASHL,VC3
ASHL,VC4
ASHL,VD10
ASHL,VD12
ASHL,VD13
ASHL,VD6
ASHL,VD8
ASHL,VD9
ASHR,ASIL
ASHR,ASIR
ASHR,ASKL
ASHR,AUAL
ASHR,AUAR
ASHR,AVAL
ASHR,AVDL
ASHR,AVFL
ASHR,AVG
ASHR,AVJR
ASHR,AWAL
ASHR,AWBR
ASHR,AWCL
ASHR,BAGL
ASHR,BDUL
ASHR,BDUR
ASHR,CEPDL
ASHR,CEPVL
ASHR,CEPVR
ASHR,DA2
ASHR,DA9
ASHR,DB3
ASHR,DB5
ASHR,DD1
ASHR,DD5
ASHR,DD6
ASHR,DVA
ASHR,FLPL
ASHR,FLPR
ASHR,HSNL
ASHR,HSNR
ASHR,I1L
ASHR,I1R
ASHR,I2R
ASHR,IL2L
ASHR,IL2VR
ASHR,LUAR
ASHR,M2R
ASHR,M3R
ASHR,M5
ASHR,MCL
ASHR,NSML
ASHR,NSMR
ASHR,OLLL
ASHR,OLLR
ASHR,OLQDL
ASHR,OLQVL
ASHR,OLQVR
ASHR,PDEL
ASHR,PDER
ASHR,PHAL
ASHR,PHAR
ASHR,PHBL
ASHR,PHBR
ASHR,PHCR
ASHR,PLML
ASHR,PLMR
ASHR,PVCR
ASHR,PVNR
ASHR,PVPL
ASHR,PVPR
ASHR,PVQL
ASHR,PVQR
ASHR,PVR
ASHR,PVT
ASHR,RIAL
ASHR,RIAR
ASHR,RIBR
ASHR,RICL
ASHR,RICR
ASHR,RID
ASHR,RIGR
ASHR,RIML
ASHR,RIMR
ASHR,RIPL
ASHR,RIPR
ASHR,RIR
ASHR,RIS
ASHR,RIVR
ASHR,RMDDL
ASHR,RMDL
ASHR,RMDVL
ASHR,RMER
ASHR,RMGL
ASHR,RMGR
ASHR,SAADL
ASHR,SAAVL
ASHR,SAAVR
ASHR,SABVL
ASHR,SDQR
ASHR,SIAVL
ASHR,SMBDL
ASHR,SMBDR
ASHR,URADR
ASHR,URAVL
ASHR,URXL
ASHR,URXR
ASHR,URYVL
ASHR,URYVR
ASHR,VA5
ASHR,VB5
ASHR,VD10
ASHR,VD11
ASHR,VD12
ASHR,VD2
ASHR,VD4
ASHR,VD6
ASHR,VD7
ASIL,ASIL
ASIL,ASIR
ASIL,ASJL
ASIL,ASJR
ASIL,ASKL
ASIL,ASKR
ASIL,AUAR
ASIL,AVAL
ASIL,AVAR
ASIL,AVBL
ASIL,AVBR
ASIL,AVDL
ASIL,AVEL
ASIL,AVFR
ASIL,AVG
ASIL,AVJL
ASIL,AVM
ASIL,AWCL
ASIL,BAGR
ASIL,BDUL
ASIL,BDUR
ASIL,CEPDR
ASIL,CEPVL
ASIL,CEPVR
ASIL,DA8
ASIL,DA9
ASIL,DB2
ASIL,DB3
ASIL,DB4
ASIL,DB6
ASIL,DB7
ASIL,DD1
ASIL,DD2
ASIL,DD3
ASIL,DD4
ASIL,DD6
ASIL,DVA
ASIL,DVC
ASIL,FLPL
ASIL,FLPR
ASIL,HSNL
ASIL,HSNR
ASIL,I1L
ASIL,I1R
ASIL,I2R
ASIL,IL1L
ASIL,IL1R
ASIL,IL2DR
ASIL,IL2VR
ASIL,LUAL
ASIL,M2L
ASIL,M3L
ASIL,M3R
ASIL,M4
ASIL,NSML
ASIL,NSMR
ASIL,OLQVL
ASIL,OLQVR
ASIL,PDEL
ASIL,PDER
ASIL,PHAL
ASIL,PHAR
ASIL,PHBL
ASIL,PHCL
ASIL,PLNL
ASIL,PQR
ASIL,PVM
ASIL,PVNL
ASIL,PVPR
ASIL,PVQL
ASIL,PVQR
ASIL,PVR
ASIL,PVT
ASIL,PVWL
ASIL,PVWR
ASIL,RICL
ASIL,RIGL
ASIL,RIGR
ASIL,RIML
ASIL,RIMR
ASIL,RIPR
ASIL,RIVL
ASIL,RMDR
ASIL,RMED
ASIL,RMER
ASIL,RMEV
ASIL,RMGL
ASIL,RMGR
ASIL,RMHL
ASIL,SAAVL
ASIL,SABD
ASIL,SDQL
ASIL,SDQR
ASIL,SIADR
ASIL,SMBDR
ASIL,URADR
ASIL,URBL
ASIL,URXL
ASIL,URXR
ASIL,URYDL
ASIL,URYVL
ASIL,VA1
ASIL,VA12
ASIL,VA4
ASIL,VA9
ASIL,VB1
ASIL,VB10
ASIL,VB3
ASIL,VC3
ASIL,VC4
ASIL,VD1
ASIL,VD10
ASIL,VD12
ASIL,VD2
ASIL,VD3
ASIL,VD4
ASIL,VD5
ASIL,VD7
ASIL,VD8
ASIL,VD9
ASIR,ASJL
ASIR,ASJR
ASIR,ASKL
ASIR,ASKR
ASIR,AUAR
ASIR,AVAL
ASIR,AVAR
ASIR,AVBL
ASIR,AVDL
ASIR,AVEL
ASIR,AVFL
ASIR,AVJR
ASIR,AVKR
ASIR,AWAL
ASIR,AWCL
ASIR,AWCR
ASIR,BDUR
ASIR,CEPDL
ASIR,CEPDR
ASIR,CEPVL
ASIR,DA1
ASIR,DA5
ASIR,DB2
ASIR,DB7
ASIR,DD1
ASIR,DD2
ASIR,DD3
ASIR,DD4
ASIR,DD6
ASIR,DVA
ASIR,FLPR
ASIR,HSNR
ASIR,I1L
ASIR,I1R
ASIR,I2R
ASIR,I5
ASIR,IL2DL
ASIR,IL2DR
ASIR,IL2L
ASIR,IL2R
ASIR,IL2VL
ASIR,LUAR
ASIR,M2L
ASIR,M2R
ASIR,M3L
ASIR,M3R
ASIR,M5
ASIR,MCL
ASIR,NSMR
ASIR,OLQVR
ASIR,PDEL
ASIR,PHAL
ASIR,PHAR
ASIR,PHBL
ASIR,PHBR
ASIR,PQR
ASIR,PVCL
ASIR,PVDL
ASIR,PVDR
ASIR,PVM
ASIR,PVNR
ASIR,PVPL
ASIR,PVPR
ASIR,PVT
ASIR,PVWL
ASIR,PVWR
ASIR,RIAR
ASIR,RICL
ASIR,RICR
ASIR,RID
ASIR,RIGL
ASIR,RIGR
ASIR,RIML
ASIR,RIMR
ASIR,RIR
ASIR,RIS
ASIR,RIVL
ASIR,RMDR
ASIR,RMDVL
ASIR,RMDVR
ASIR,RMED
ASIR,RMER
ASIR,RMEV
ASIR,RMGR
ASIR,SAADL
ASIR,SDQR
ASIR,SIADL
ASIR,SIADR
ASIR,SIAVL
ASIR,SIBVL
ASIR,SMBDL
ASIR,SMBDR
ASIR,SMBVL
ASIR,SMDVL
ASIR,URADR
ASIR,URAVL
ASIR,URBR
ASIR,URXL
ASIR,URXR
ASIR,URYDR
ASIR,URYVL
ASIR,VA2
ASIR,VA3
ASIR,VA5
ASIR,VA7
ASIR,VA9
ASIR,VB6
ASIR,VB7
ASIR,VB9
ASIR,VC3
ASIR,VC4
ASIR,VC5
ASIR,VC6
ASIR,VD12
ASIR,VD2
ASIR,VD5
ASIR,VD6
ASIR,VD7
ASIR,VD8
ASJL,ASKL
ASJL,ASKR
ASJL,AVAL
ASJL,AVBR
ASJL,AVDL
ASJL,AVEL
ASJL,AVER
ASJL,AVFL
ASJL,AVKR
ASJL,AVM
ASJL,AWBL
ASJL,BAGL
ASJL,BDUL
ASJL,BDUR
ASJL,CEPDL
ASJL,CEPDR
ASJL,CEPVR
ASJL,DA6
ASJL,DB1
ASJL,DD2
ASJL,DD3
ASJL,DD4
ASJL,DD5
ASJL,DD6
ASJL,DVA
ASJL,DVC
ASJL,FLPL
ASJL,HSNL
ASJL,HSNR
ASJL,I1R
ASJL,I2L
ASJL,I2R
ASJL,IL1DL
ASJL,IL2DR
ASJL,IL2VL
ASJL,LUAR
ASJL,M2R
ASJL,M3L
ASJL,M4
ASJL,M5
ASJL,OLLL
ASJL,OLQDR
ASJL,OLQVL
ASJL,PDEL
ASJL,PDER
ASJL,PHAL
ASJL,PHAR
ASJL,PHBL
ASJL,PQR
ASJL,PVCL
ASJL,PVCR
ASJL,RIBR
ASJL,RICL
ASJL,RIFL
ASJL,RIGL
ASJL,RIMR
ASJL,RIS
ASJL,RIVL
ASJL,RMED
ASJL,RMER
ASJL,RMEV
ASJL,RMGL
ASJL,RMGR
ASJL,SAADL
ASJL,SAADR
ASJL,SABD
ASJL,SIADL
ASJL,SIAVR
ASJL,SIBDL
ASJL,SMBDL
ASJL,URADL
ASJL,URADR
ASJL,URAVR
ASJL,URXL
ASJL,URYDL
ASJL,URYVL
ASJL,VB1
ASJL,VB8
ASJL,VB9
ASJL,VC5
ASJL,VD10
ASJL,VD4
ASJL,VD6
ASJR,ASKL
ASJR,ASKR
ASJR,AVAL
ASJR,AVBL
ASJR,AVBR
ASJR,AVDR
ASJR,AWAL
ASJR,AWAR
ASJR,BDUL
ASJR,BDUR
ASJR,CEPDR
ASJR,CEPVL
ASJR,CEPVR
ASJR,DA2
ASJR,DA9
ASJR,DB2
ASJR,DB7
ASJR,DD4
ASJR,DD5
ASJR,DVA
ASJR,FLPL
ASJR,FLPR
ASJR,HSNL
ASJR,I1L
ASJR,I1R
ASJR,I2L
ASJR,I2R
ASJR,IL2DR
ASJR,IL2L
ASJR,IL2VL
ASJR,M2R
ASJR,M3L
ASJR,M4
ASJR,OLLR
ASJR,OLQDL
ASJR,OLQDR
ASJR,OLQVR
ASJR,PDEL
ASJR,PDER
ASJR,PHAL
ASJR,PHAR
ASJR,PLML
ASJR,PLMR
ASJR,PLNL
ASJR,PQR
ASJR,PVCL
ASJR,PVNR
ASJR,PVPR
ASJR,PVQL
ASJR,PVQR
ASJR,PVWR
ASJR,RIAL
ASJR,RIAR
ASJR,RICR
ASJR,RID
ASJR,RIFL
ASJR,RIFR
ASJR,RIGL
ASJR,RIGR
ASJR,RIML
ASJR,RIMR
ASJR,RIS
ASJR,RIVL
ASJR,RIVR
ASJR,RMER
ASJR,RMEV
ASJR,RMGR
ASJR,SDQR
ASJR,SIADL
ASJR,URADL
ASJR,URAVR
ASJR,URXR
ASJR,URYDR
ASJR,URYVR
ASJR,VA6
ASJR,VB10
ASJR,VB3
ASJR,VB4
ASJR,VB9
ASJR,VD11
ASJR,VD13
ASJR,VD3
ASJR,VD6
ASJR,VD9
ASKL,ASKR
ASKL,AVAR
ASKL,AVBR
ASKL,AVDL
ASKL,AVDR
ASKL,AVEL
ASKL,AVFL
ASKL,AVJL
ASKL,AVL
ASKL,AWBL
ASKL,BAGL
ASKL,BDUL
ASKL,CANR
ASKL,CEPDL
ASKL,CEPDR
ASKL,CEPVL
ASKL,CEPVR
ASKL,DA4
ASKL,DA6
ASKL,DA7
ASKL,DA8
ASKL,DA9
ASKL,DB2
ASKL,DB3
ASKL,DB5
ASKL,DD1
ASKL,DD3
ASKL,DD5
ASKL,DD6
ASKL,DVA
ASKL,FLPL
ASKL,FLPR
ASKL,HSNR
ASKL,I1L
ASKL,I1R
ASKL,I2L
ASKL,I5
ASKL,IL2VL
ASKL,IL2VR
ASKL,LUAL
ASKL,LUAR
ASKL,M2L
ASKL,M2R
ASKL,M3L
ASKL,M3R
ASKL,M5
ASKL,MCL
ASKL,MCR
ASKL,NSML
ASKL,OLLL
ASKL,OLQDL
ASKL,OLQDR
ASKL,PDA
ASKL,PDEL
ASKL,PHAL
ASKL,PHAR
ASKL,PHBL
ASKL,PHBR
ASKL,PLML
ASKL,PLMR
ASKL,PQR
ASKL,PVCL
ASKL,PVCR
ASKL,PVM
ASKL,PVNR
ASKL,PVPL
ASKL,PVQL
ASKL,PVQR
ASKL,PVR
ASKL,PVT
ASKL,PVWL
ASKL,RICR
ASKL,RIGL
ASKL,RIGR
ASKL,RIML
ASKL,RIMR
ASKL,RIR
ASKL,RIS
ASKL,RIVL
ASKL,RIVR
ASKL,RMDR
ASKL,RMED
ASKL,RMEL
ASKL,RMER
ASKL,RMEV
ASKL,RMGL
ASKL,RMGR
ASKL,RMHR
ASKL,SAADL
ASKL,SAADR
ASKL,SABD
ASKL,SDQL
ASKL,SIBVR
ASKL,SMBDR
ASKL,SMBVL
ASKL,URADL
ASKL,URAVL
ASKL,URXL
ASKL,URXR
ASKL,URYDR
ASKL,URYVL
ASKL,VA10
ASKL,VA12
ASKL,VA2
ASKL,VA5
ASKL,VA6
ASKL,VA9
ASKL,VB10
ASKL,VB11
ASKL,VB2
ASKL,VB8
ASKL,VC1
ASKL,VC2
ASKL,VC5
ASKL,VD10
ASKL,VD11
ASKL,VD13
ASKL,VD2
ASKL,VD3
ASKL,VD4
ASKL,VD7
ASKL,VD9
ASKR,AUAR
ASKR,AVAL
ASKR,AVAR
ASKR,AVBL
ASKR,AVBR
ASKR,AVDL
ASKR,AVDR
ASKR,AVEL
ASKR,AVER
ASKR,AVFL
ASKR,AVFR
ASKR,AVJR
ASKR,AVL
ASKR,AVM
ASKR,AWAL
ASKR,AWCL
ASKR,AWCR
ASKR,BAGL
ASKR,BDUL
ASKR,BDUR
ASKR,CEPDL
ASKR,CEPVL
ASKR,DA1
ASKR,DA2
ASKR,DA4
ASKR,DA6
ASKR,DB1
ASKR,DB4
ASKR,DD1
ASKR,DD3
ASKR,DD5
ASKR,DD6
ASKR,DVA
ASKR,DVC
ASKR,FLPL
ASKR,FLPR
ASKR,I1R
ASKR,I2L
ASKR,I5
ASKR,IL1DL
ASKR,IL2DL
ASKR,IL2R
ASKR,IL2VR
ASKR,M2L
ASKR,M2R
ASKR,M3L
ASKR,M3R
ASKR,M4
ASKR,M5
ASKR,MCL
ASKR,NSML
ASKR,NSMR
ASKR,OLLL
ASKR,OLQDL
ASKR,OLQDR
ASKR,OLQVL
ASKR,PDEL
ASKR,PDER
ASKR,PHAR
ASKR,PHBL
ASKR,PLML
ASKR,PQR
ASKR,PVCL
ASKR,PVCR
ASKR,PVDL
ASKR,PVM
ASKR,PVNL
ASKR,PVPL
ASKR,PVPR
ASKR,PVQL
ASKR,PVQR
ASKR,PVT
ASKR,PVWL
ASKR,PVWR
ASKR,RIAL
ASKR,RIBL
ASKR,RICL
ASKR,RIGL
ASKR,RIGR
ASKR,RIML
ASKR,RIMR
ASKR,RIVL
ASKR,RIVR
ASKR,RMDDL
ASKR,RMDDR
ASKR,RMDL
ASKR,RMDVL
ASKR,RMED
ASKR,RMEL
ASKR,RMER
ASKR,RMEV
ASKR,RMGL
ASKR,RMGR
ASKR,SAADL
ASKR,SABVL
ASKR,SABVR
ASKR,SDQL
ASKR,SIADR
ASKR,SIAVL
ASKR,SIAVR
ASKR,SIBVL
ASKR,SMBDR
ASKR,SMBVR
ASKR,SMDVR
ASKR,URADL
ASKR,URAVL
ASKR,URXL
ASKR,URYDL
ASKR,URYDR
ASKR,VA5
ASKR,VB10
ASKR,VB2
ASKR,VB9
ASKR,VC1
ASKR,VC5
ASKR,VD2
ASKR,VD3
ASKR,VD4
ASKR,VD7
ASKR,VD9
AUAL,AVAL
AUAL,AVBL
AUAL,AVDL
AUAL,AVFL
AUAL,AVFR
AUAL,AVKL
AUAL,AVKR
AUAL,AVM
AUAL,AWAL
AUAL,BDUL
AUAL,CEPDL
AUAL,CEPDR
AUAL,CEPVL
AUAL,CEPVR
AUAL,DD1
AUAL,DD2
AUAL,DD5
AUAL,FLPL
AUAL,HSNL
AUAL,I2L
AUAL,I2R
AUAL,IL1VL
AUAL,IL2R
AUAL,IL2VR
AUAL,LUAR
AUAL,M1
AUAL,M2L
AUAL,M2R
AUAL,M3R
AUAL,MCR
AUAL,PDER
AUAL,PHAR
AUAL,PVDL
AUAL,RIAR
AUAL,RIGR
AUAL,RIML
AUAL,RIPL
AUAL,RMDVR
AUAL,RMED
AUAL,RMEL
AUAL,RMFL
AUAL,RMGL
AUAL,SAADL
AUAL,SAAVR
AUAL,SABD
AUAL,SABVR
AUAL,URAVL
AUAL,URXR
AUAL,URYDL
AUAL,URYVR
AUAL,VB1
AUAL,VC4
AUAL,VD13
AUAL,VD4
AUAR,AVAR
AUAR,AVBR
AUAR,AVDR
AUAR,AVM
AUAR,BDUL
AUAR,CEPDL
AUAR,CEPVL
AUAR,CEPVR
AUAR,DA5
AUAR,DD1
AUAR,FLPR
AUAR,HSNR
AUAR,IL2DR
AUAR,IL2L
AUAR,IL2VL
AUAR,M2L
AUAR,M2R
AUAR,M3R
AUAR,M4
AUAR,M5
AUAR,MCL
AUAR,MCR
AUAR,PDER
AUAR,PHAL
AUAR,PHAR
AUAR,PHBR
AUAR,PVCR
AUAR,PVQR
AUAR,PVR
AUAR,RIAL
AUAR,RIBL
AUAR,RID
AUAR,RIFR
AUAR,RIGR
AUAR,RIMR
AUAR,RIVL
AUAR,RIVR
AUAR,RMDVR
AUAR,RMER
AUAR,RMGR
AUAR,SDQR
AUAR,SIADR
AUAR,SMBDL
AUAR,SMDVR
AUAR,URADR
AUAR,URXR
AUAR,VA10
AUAR,VA9
AUAR,VB7
AUAR,VB8
AUAR,VC5
AUAR,VD13
AVAL,AVAR
AVAL,AVBL
AVAL,AVBR
AVAL,AVDL
AVAL,AVDR
AVAL,AVEL
AVAL,AVFR
AVAL,AVKR
AVAL,AVL
AVAL,AWAL
AVAL,AWAR
AVAL,BAGL
AVAL,BAGR
AVAL,BDUL
AVAL,BDUR
AVAL,CEPDL
AVAL,CEPDR
AVAL,CEPVL
AVAL,CEPVR
AVAL,DA1
AVAL,DA2
AVAL,DB1
AVAL,DB2
AVAL,DB3
AVAL,DB7
AVAL,DD1
AVAL,DD2
AVAL,DD3
AVAL,DD4
AVAL,DD5
AVAL,DD6
AVAL,DVA
AVAL,DVC
AVAL,FLPL
AVAL,FLPR
AVAL,HSNR
AVAL,I1L
AVAL,I1R
AVAL,I2L
AVAL,I2R
AVAL,I5
AVAL,IL2DL
AVAL,IL2L
AVAL,IL2R
AVAL,IL2VL
AVAL,M2L
AVAL,M2R
AVAL,M3L
AVAL,M3R
AVAL,M4
AVAL,MCL
AVAL,MCR
AVAL,NSML
AVAL,NSMR
AVAL,OLLL
AVAL,OLQDL
AVAL,OLQDR
AVAL,OLQVL
AVAL,OLQVR
AVAL,PDEL
AVAL,PDER
AVAL,PHAL
AVAL,PHAR
AVAL,PHBL
AVAL,PHBR
AVAL,PLML
AVAL,PLMR
AVAL,PQR
AVAL,PVDR
AVAL,PVNL
AVAL,PVNR
AVAL,PVPL
AVAL,PVQL
AVAL,PVQR
AVAL,RIAR
AVAL,RIBR
AVAL,RICL
AVAL,RICR
AVAL,RID
AVAL,RIFL
AVAL,RIGL
AVAL,RIH
AVAL,RIML
AVAL,RIMR
AVAL,RIPL
AVAL,RIVL
AVAL,RMDVL
AVAL,RMED
AVAL,RMEL
AVAL,RMER
AVAL,RMEV
AVAL,RMGL
AVAL,RMGR
AVAL,RMHR
AVAL,SAADL
AVAL,SAAVL
AVAL,SAAVR
AVAL,SABD
AVAL,SABVL
AVAL,SDQL
AVAL,SDQR
AVAL,SIADL
AVAL,SIAVL
AVAL,SIAVR
AVAL,SIBVL
AVAL,SMBDR
AVAL,SMBVL
AVAL,SMDDL
AVAL,SMDDR
AVAL,SMDVR
AVAL,URADL
AVAL,URADR
AVAL,URAVL
AVAL,URAVR
AVAL,URBR
AVAL,URXL
AVAL,URXR
AVAL,URYDL
AVAL,URYDR
AVAL,URYVL
AVAL,VA10
AVAL,VA12
AVAL,VB1
AVAL,VB4
AVAL,VB8
AVAL,VC2
AVAL,VC3
AVAL,VC5
AVAL,VD1
AVAL,VD10
AVAL,VD11
AVAL,VD12
AVAL,VD13
AVAL,VD4
AVAL,VD5
AVAL,VD6
AVAL,VD9
AVAR,AVBL
AVAR,AVBR
AVAR,AVDL
AVAR,AVDR
AVAR,AVEL
AVAR,AVER
AVAR,AVG
AVAR,AVHL
AVAR,AVHR
AVAR,AVJL
AVAR,AVKL
AVAR,AVKR
AVAR,AVM
AVAR,AWAL
AVAR,AWAR
AVAR,AWBR
AVAR,AWCR
AVAR,BAGR
AVAR,BDUL
AVAR,CANL
AVAR,CEPDL
AVAR,CEPDR
AVAR,CEPVL
AVAR,CEPVR
AVAR,DA8
AVAR,DB1
AVAR,DB2
AVAR,DB5
AVAR,DB6
AVAR,DD1
AVAR,DD2
AVAR,DD3
AVAR,DD4
AVAR,DD6
AVAR,DVA
AVAR,DVB
AVAR,DVC
AVAR,FLPL
AVAR,FLPR
AVAR,HSNL
AVAR,HSNR
AVAR,I1L
AVAR,I1R
AVAR,I2R
AVAR,I4
AVAR,IL2DL
AVAR,IL2L
AVAR,IL2R
AVAR,LUAR
AVAR,M2L
AVAR,M2R
AVAR,M3L
AVAR,M3R
AVAR,M4
AVAR,M5
AVAR,MCL
AVAR,MCR
AVAR,NSML
AVAR,OLQDL
AVAR,OLQDR
AVAR,OLQVL
AVAR,OLQVR
AVAR,PDA
AVAR,PDEL
AVAR,PDER
AVAR,PHAL
AVAR,PHAR
AVAR,PHBR
AVAR,PQR
AVAR,PVCL
AVAR,PVDL
AVAR,PVDR
AVAR,PVM
AVAR,PVNL
AVAR,PVNR
AVAR,PVPL
AVAR,PVPR
AVAR,PVQL
AVAR,PVQR
AVAR,PVR
AVAR,PVT
AVAR,PVWL
AVAR,PVWR
AVAR,RIAL
AVAR,RIAR
AVAR,RIBL
AVAR,RIBR
AVAR,RICL
AVAR,RICR
AVAR,RID
AVAR,RIGL
AVAR,RIGR
AVAR,RIML
AVAR,RIMR
AVAR,RIVL
AVAR,RIVR
AVAR,RMDDL
AVAR,RMDL
AVAR,RMED
AVAR,RMEL
AVAR,RMEV
AVAR,RMFL
AVAR,RMGL
AVAR,RMGR
AVAR,SAADL
AVAR,SAADR
AVAR,SAAVR
AVAR,SABD
AVAR,SABVL
AVAR,SIAVL
AVAR,SIAVR
AVAR,SIBDR
AVAR,SMBDL
AVAR,SMBDR
AVAR,SMDDL
AVAR,SMDVR
AVAR,URADL
AVAR,URADR
AVAR,URAVL
AVAR,URAVR
AVAR,URXL
AVAR,URXR
AVAR,URYVL
AVAR,URYVR
AVAR,VA12
AVAR,VA2
AVAR,VA4
AVAR,VA9
AVAR,VB1
AVAR,VB8
AVAR,VC1
AVAR,VD1
AVAR,VD11
AVAR,VD12
AVAR,VD13
AVAR,VD2
AVAR,VD3
AVAR,VD4
AVAR,VD6
AVAR,VD8
AVBL,AVDL
AVBL,AVKR
AVBL,AVL
AVBL,BDUL
AVBL,BDUR
AVBL,CEPDL
AVBL,CEPDR
AVBL,CEPVL
AVBL,DA1
AVBL,DA4
AVBL,DA5
AVBL,DA8
AVBL,DD2
AVBL,DD5
AVBL,DD6
AVBL,DVA
AVBL,FLPR
AVBL,HSNL
AVBL,I2R
AVBL,IL2DR
AVBL,IL2L
AVBL,IL2VR
AVBL,LUAR
AVBL,M1
AVBL,M2L
AVBL,M2R
AVBL,M3L
AVBL,M4
AVBL,MCL
AVBL,NSML
AVBL,NSMR
AVBL,OLLL
AVBL,OLQVL
AVBL,OLQVR
AVBL,PHAL
AVBL,PHAR
AVBL,PHBR
AVBL,PLML
AVBL,PLMR
AVBL,PQR
AVBL,PVCL
AVBL,PVDL
AVBL,PVDR
AVBL,PVPL
AVBL,PVQR
AVBL,RIBR
AVBL,RICL
AVBL,RICR
AVBL,RIFR
AVBL,RIGL
AVBL,RIML
AVBL,RIMR
AVBL,RIS
AVBL,RIVR
AVBL,RMEL
AVBL,RMEV
AVBL,RMGL
AVBL,RMGR
AVBL,SAAVL
AVBL,SAAVR
AVBL,SABVR
AVBL,SDQL
AVBL,SDQR
AVBL,SIADL
AVBL,SIAVL
AVBL,SIAVR
AVBL,SMBDL
AVBL,URADL
AVBL,URXL
AVBL,URXR
AVBL,URYVL
AVBL,URYVR
AVBL,VA5
AVBL,VB11
AVBL,VC6
AVBL,VD11
AVBL,VD12
AVBL,VD13
AVBL,VD4
AVBL,VD5
AVBL,VD7
AVBL,VD8
AVBR,AVDR
AVBR,AVEL
AVBR,AVG
AVBR,AVKL
AVBR,BAGR
AVBR,BDUL
AVBR,BDUR
AVBR,CEPDL
AVBR,CEPDR
AVBR,CEPVL
AVBR,CEPVR
AVBR,DA4
AVBR,DB2
AVBR,DD3
AVBR,DD4
AVBR,DVA
AVBR,FLPL
AVBR,FLPR
AVBR,HSNL
AVBR,I2R
AVBR,I5
AVBR,IL2VR
AVBR,LUAL
AVBR,M2L
AVBR,M2R
AVBR,M4
AVBR,M5
AVBR,MCL
AVBR,OLLR
AVBR,OLQDL
AVBR,OLQDR
AVBR,OLQVR
AVBR,PDEL
AVBR,PHAL
AVBR,PHAR
AVBR,PHBL
AVBR,PHBR
AVBR,PQR
AVBR,PVCL
AVBR,PVDR
AVBR,PVM
AVBR,PVNL
AVBR,PVNR
AVBR,PVQL
AVBR,PVQR
AVBR,PVR
AVBR,PVWL
AVBR,RIAL
AVBR,RICL
AVBR,RIGR
AVBR,RIML
AVBR,RIMR
AVBR,RIS
AVBR,RIVL
AVBR,RIVR
AVBR,RMDDL
AVBR,RMER
AVBR,RMEV
AVBR,RMGL
AVBR,RMGR
AVBR,SAADL
AVBR,SIAVL
AVBR,SIAVR
AVBR,SMBDR
AVBR,SMBVR
AVBR,URADL
AVBR,URBL
AVBR,URXL
AVBR,URYDR
AVBR,URYVR
AVBR,VA3
AVBR,VA7
AVBR,VB3
AVBR,VB5
AVBR,VC1
AVBR,VC6
AVBR,VD12
AVBR,VD2
AVBR,VD3
AVBR,VD4
AVBR,VD7
AVBR,VD8
AVDL,AVEL
AVDL,AVER
AVDL,AVFL
AVDL,AVHL
AVDL,AVM
AVDL,AWBR
AVDL,BDUL
AVDL,CEPDL
AVDL,CEPDR
AVDL,CEPVL
AVDL,DA7
AVDL,DD1
AVDL,DD2
AVDL,DD3
AVDL,DD5
AVDL,FLPL
AVDL,FLPR
AVDL,HSNL
AVDL,I2L
AVDL,I2R
AVDL,I3
AVDL,IL2L
AVDL,M2R
AVDL,M3L
AVDL,M3R
AVDL,M4
AVDL,MCL
AVDL,NSML
AVDL,NSMR
AVDL,OLLL
AVDL,OLQDL
AVDL,OLQDR
AVDL,OLQVL
AVDL,OLQVR
AVDL,PDEL
AVDL,PHAL
AVDL,PHAR
AVDL,PHBR
AVDL,PLMR
AVDL,PQR
AVDL,PVM
AVDL,PVNR
AVDL,PVPL
AVDL,PVQL
AVDL,PVQR
AVDL,PVR
AVDL,PVWR
AVDL,RIAL
AVDL,RIBL
AVDL,RICL
AVDL,RIFL
AVDL,RIGR
AVDL,RIH
AVDL,RIML
AVDL,RIMR
AVDL,RIPR
AVDL,RIVL
AVDL,RMED
AVDL,RMEL
AVDL,RMER
AVDL,RMEV
AVDL,RMFL
AVDL,RMGL
AVDL,RMGR
AVDL,SAADL
AVDL,SAAVL
AVDL,SIADR
AVDL,URADL
AVDL,URADR
AVDL,URBR
AVDL,URXR
AVDL,URYDR
AVDL,URYVL
AVDL,VA2
AVDL,VA5
AVDL,VB2
AVDL,VB4
AVDL,VB9
AVDL,VC2
AVDL,VD12
AVDL,VD5
AVDL,VD6
AVDL,VD7
AVDR,AVEL
AVDR,AVER
AVDR,AVHR
AVDR,AVKL
AVDR,AVKR
AVDR,AVM
AVDR,AWAR
AVDR,BAGL
AVDR,BDUL
AVDR,CEPDL
AVDR,CEPDR
AVDR,CEPVL
AVDR,CEPVR
AVDR,DA2
AVDR,DA5
AVDR,DB1
AVDR,DD4
AVDR,DVA
AVDR,FLPL
AVDR,FLPR
AVDR,HSNL
AVDR,HSNR
AVDR,I1R
AVDR,I2R
AVDR,I4
AVDR,IL1DR
AVDR,IL1L
AVDR,IL2VL
AVDR,M2L
AVDR,M2R
AVDR,M3L
AVDR,M4
AVDR,MCL
AVDR,NSML
AVDR,NSMR
AVDR,OLLL
AVDR,OLLR
AVDR,OLQDR
AVDR,OLQVL
AVDR,PDA
AVDR,PDEL
AVDR,PDER
AVDR,PHAL
AVDR,PHAR
AVDR,PHBL
AVDR,PHBR
AVDR,PQR
AVDR,PVCR
AVDR,PVDL
AVDR,PVDR
AVDR,PVNR
AVDR,PVPL
AVDR,PVPR
AVDR,PVQR
AVDR,RIBL
AVDR,RICL
AVDR,RICR
AVDR,RIFL
AVDR,RIFR
AVDR,RIGR
AVDR,RIML
AVDR,RIMR
AVDR,RIS
AVDR,RIVR
AVDR,RMDDL
AVDR,RMED
AVDR,RMEL
AVDR,RMER
AVDR,RMGL
AVDR,RMHL
AVDR,SAADL
AVDR,SAADR
AVDR,SABD
AVDR,SABVL
AVDR,SIADL
AVDR,SIADR
AVDR,SMBDR
AVDR,SMDVR
AVDR,URADR
AVDR,URAVR
AVDR,URXR
AVDR,URYDL
AVDR,URYVL
AVDR,VA8
AVDR,VB1
AVDR,VB11
AVDR,VC5
AVDR,VD2
AVDR,VD4
AVDR,VD5
AVDR,VD8
AVDR,VD9
AVEL,AWAR
AVEL,AWBL
AVEL,BDUL
AVEL,BDUR
AVEL,CEPDR
AVEL,CEPVR
AVEL,DA1
AVEL,DB2
AVEL,DD1
AVEL,DD3
AVEL,DD5
AVEL,DD6
AVEL,DVA
AVEL,DVC
AVEL,FLPL
AVEL,FLPR
AVEL,HSNL
AVEL,HSNR
AVEL,IL2DR
AVEL,IL2L
AVEL,M2R
AVEL,M3R
AVEL,MCL
AVEL,NSML
AVEL,OLQDL
AVEL,OLQVL
AVEL,PDER
AVEL,PHAL
AVEL,PHAR
AVEL,PHBL
AVEL,PHBR
AVEL,PHCL
AVEL,PLNR
AVEL,PQR
AVEL,PVNR
AVEL,PVQL
AVEL,PVR
AVEL,PVWL
AVEL,RIBL
AVEL,RIBR
AVEL,RICR
AVEL,RIFR
AVEL,RIGL
AVEL,RIGR
AVEL,RIH
AVEL,RIML
AVEL,RIMR
AVEL,RMDDR
AVEL,RMEL
AVEL,RMFR
AVEL,RMGR
AVEL,SIADL
AVEL,SMDVR
AVEL,URAVL
AVEL,URYDR
AVEL,URYVL
AVEL,VA8
AVEL,VD5
AVEL,VD6
AVER,AVFL
AVER,AVFR
AVER,AVHL
AVER,AVHR
AVER,AVJL
AVER,AWAL
AVER,AWAR
AVER,BAGR
AVER,BDUR
AVER,CEPDL
AVER,CEPVL
AVER,CEPVR
AVER,DA1
AVER,DD4
AVER,DD6
AVER,DVA
AVER,FLPL
AVER,FLPR
AVER,HSNL
AVER,I1L
AVER,I2R
AVER,IL2L
AVER,LUAL
AVER,M2L
AVER,M3L
AVER,M3R
AVER,NSML
AVER,OLLR
AVER,OLQVR
AVER,PHAL
AVER,PHBL
AVER,PVNL
AVER,PVPL
AVER,PVQL
AVER,PVR
AVER,PVWR
AVER,RICR
AVER,RID
AVER,RIFL
AVER,RIGL
AVER,RIGR
AVER,RIML
AVER,RIVL
AVER,RIVR
AVER,RMER
AVER,RMGL
AVER,RMGR
AVER,SAAVL
AVER,SDQR
AVER,URXL
AVER,URYDL
AVER,VA12
AVER,VB4
AVER,VC2
AVER,VC6
AVER,VD13
AVER,VD2
AVER,VD3
AVER,VD4
AVER,VD6
AVER,VD9
AVFL,AVG
AVFL,AWBL
AVFL,AWBR
AVFL,BDUL
AVFL,BDUR
AVFL,CEPDL
AVFL,CEPVL
AVFL,DD1
AVFL,DVA
AVFL,DVB
AVFL,FLPR
AVFL,HSNR
AVFL,I1R
AVFL,I2L
AVFL,I2R
AVFL,M3R
AVFL,M4
AVFL,M5
AVFL,NSML
AVFL,NSMR
AVFL,OLQDL
AVFL,PDEL
AVFL,PDER
AVFL,PHAR
AVFL,PLMR
AVFL,PVM
AVFL,PVNL
AVFL,PVQL
AVFL,PVQR
AVFL,RICR
AVFL,RIGL
AVFL,RIMR
AVFL,RIS
AVFL,RMDDR
AVFL,RMDVR
AVFL,RMED
AVFL,RMER
AVFL,RMGL
AVFL,RMGR
AVFL,SDQL
AVFL,SIADR
AVFL,SIAVR
AVFL,URADR
AVFL,URYVR
AVFL,VA4
AVFL,VB8
AVFL,VC3
AVFL,VD13
AVFL,VD7
AVFR,AWCL
AVFR,BDUR
AVFR,CEPDR
AVFR,CEPVR
AVFR,DA2
AVFR,DA5
AVFR,DA8
AVFR,DB2
AVFR,DB7
AVFR,DD3
AVFR,DD4
AVFR,DD5
AVFR,DD6
AVFR,FLPL
AVFR,FLPR
AVFR,HSNL
AVFR,I1L
AVFR,I1R
AVFR,IL2DR
AVFR,IL2VR
AVFR,M2R
AVFR,M3L
AVFR,OLLL
AVFR,OLQDL
AVFR,PDEL
AVFR,PDER
AVFR,PHAL
AVFR,PHBR
AVFR,PQR
AVFR,PVCR
AVFR,PVPR
AVFR,PVQR
AVFR,PVT
AVFR,PVWR
AVFR,RIAL
AVFR,RICL
AVFR,RIFL
AVFR,RIGL
AVFR,RIML
AVFR,RIMR
AVFR,RIVL
AVFR,RIVR
AVFR,RMED
AVFR,RMGL
AVFR,SIAVL
AVFR,URADR
AVFR,URAVL
AVFR,URAVR
AVFR,VA3
AVFR,VB1
AVFR,VB2
AVFR,VD10
AVFR,VD4
AVG,AVKL
AVG,AVL
AVG,CEPDR
AVG,CEPVR
AVG,DB2
AVG,DD4
AVG,DD5
AVG,HSNL
AVG,IL2R
AVG,LUAL
AVG,M2L
AVG,M2R
AVG,M3R
AVG,M4
AVG,NSML
AVG,NSMR
AVG,OLQVL
AVG,PDEL
AVG,PHAL
AVG,PHBL
AVG,PHBR
AVG,PQR
AVG,PVCL
AVG,PVNL
AVG,PVNR
AVG,PVQR
AVG,PVWR
AVG,RICR
AVG,RIML
AVG,RIMR
AVG,RMED
AVG,RMGR
AVG,SAAVR
AVG,SABD
AVG,SIADR
AVG,SMBDR
AVG,SMDDL
AVG,URADR
AVG,URXL
AVG,VA5
AVG,VD12
AVG,VD2
AVG,VD6
AVG,VD8
AVG,VD9
AVHL,AVKL
AVHL,BDUL
AVHL,CEPDR
AVHL,DD2
AVHL,DVA
AVHL,HSNL
AVHL,I2R
AVHL,M4
AVHL,OLQVL
AVHL,PHAL
AVHL,PHAR
AVHL,PVM
AVHL,PVQL
AVHL,RIML
AVHL,RIMR
AVHL,RMED
AVHL,SDQR
AVHL,URYVR
AVHR,AWBR
AVHR,CEPDL
AVHR,CEPVL
AVHR,CEPVR
AVHR,IL2DL
AVHR,IL2DR
AVHR,M2L
AVHR,PHBL
AVHR,PVCL
AVHR,RIBR
AVHR,RIML
AVHR,RIMR
AVHR,RMER
AVHR,URADR
AVJL,AWBL
AVJL,CEPDL
AVJL,CEPVL
AVJL,CEPVR
AVJL,FLPL
AVJL,FLPR
AVJL,I1R
AVJL,IL1VL
AVJL,IL2DR
AVJL,IL2R
AVJL,PHAL
AVJL,PQR
AVJL,PVDL
AVJL,RIAL
AVJL,RICR
AVJL,RIGL
AVJL,RIML
AVJL,RMEL
AVJL,SMBDL
AVJL,URADL
AVJL,URXR
AVJL,URYDL
AVJL,VB4
AVJL,VD10
AVJL,VD5
AVJL,VD9
AVJR,AWAL
AVJR,BDUL
AVJR,CEPDR
AVJR,CEPVR
AVJR,DA5
AVJR,DD1
AVJR,HSNR
AVJR,IL1DL
AVJR,LUAL
AVJR,M3L
AVJR,M4
AVJR,PHAL
AVJR,PHBR
AVJR,PQR
AVJR,PVPL
AVJR,PVQL
AVJR,PVT
AVJR,RIAL
AVJR,RIML
AVJR,RIMR
AVJR,RMER
AVJR,SIAVL
AVJR,VD1
AVJR,VD4
AVKL,AVL
AVKL,AWBR
AVKL,BAGR
AVKL,BDUL
AVKL,CEPDR
AVKL,CEPVL
AVKL,DD4
AVKL,DVA
AVKL,HSNL
AVKL,I2R
AVKL,IL2VR
AVKL,M2L
AVKL,M2R
AVKL,OLLR
AVKL,PDER
AVKL,PHAL
AVKL,PHAR
AVKL,PHBL
AVKL,PQR
AVKL,PVDR
AVKL,PVNL
AVKL,PVQL
AVKL,RICL
AVKL,RIFL
AVKL,RIGR
AVKL,RIVL
AVKL,RMDVL
AVKL,RMGL
AVKL,SAAVR
AVKL,SIAVR
AVKL,URADL
AVKL,URADR
AVKL,URAVL
AVKL,URAVR
AVKL,URXL
AVKL,URXR
AVKL,URYDL
AVKL,VB5
AVKL,VD13
AVKL,VD5
AVKL,VD8
AVKR,AVM
AVKR,AWCR
AVKR,CEPDL
AVKR,CEPVR
AVKR,DA3
AVKR,DA7
AVKR,FLPL
AVKR,HSNL
AVKR,HSNR
AVKR,I1R
AVKR,I2L
AVKR,IL1R
AVKR,IL2DL
AVKR,IL2DR
AVKR,IL2VL
AVKR,M2L
AVKR,M3L
AVKR,MI
AVKR,NSML
AVKR,NSMR
AVKR,OLLL
AVKR,OLQDL
AVKR,PVQR
AVKR,RIGR
AVKR,RIML
AVKR,RIMR
AVKR,RMDDR
AVKR,RMED
AVKR,URADL
AVKR,URADR
AVKR,URXL
AVKR,URXR
AVKR,VA1
AVKR,VB2
AVKR,VB3
AVKR,VD1
AVKR,VD13
AVKR,VD4
AVKR,VD9
AVL,BDUL
AVL,CEPVL
AVL,FLPL
AVL,FLPR
AVL,I2R
AVL,LUAR
AVL,M3L
AVL,M3R
AVL,PDEL
AVL,PHAL
AVL,RICL
AVL,RICR
AVL,RIGR
AVL,URAVL
AVL,URXL
AVL,URXR
AVL,URYVR
AVL,VB11
AVL,VC4
AVL,VD8
AVM,AWAR
AVM,CEPDL
AVM,DA1
AVM,DA6
AVM,DA9
AVM,DD1
AVM,DD2
AVM,DVA
AVM,FLPL
AVM,FLPR
AVM,HSNR
AVM,IL1L
AVM,IL2DR
AVM,LUAL
AVM,NSMR
AVM,OLQVL
AVM,PDER
AVM,PHAL
AVM,PHAR
AVM,PHBL
AVM,PQR
AVM,PVCL
AVM,PVM
AVM,PVPL
AVM,PVR
AVM,PVT
AVM,PVWL
AVM,RICR
AVM,RIML
AVM,RIMR
AVM,RIVR
AVM,RMDR
AVM,RMER
AVM,RMGL
AVM,SAADR
AVM,SDQL
AVM,SIADL
AVM,SIAVL
AVM,SIAVR
AVM,URADR
AVM,URAVR
AVM,URXL
AVM,URXR
AVM,URYVL
AVM,VA6
AVM,VB7
AVM,VD6
AVM,VD8
AWAL,CANR
AWAL,CEPVR
AWAL,DB4
AWAL,DB5
AWAL,DD5
AWAL,FLPR
AWAL,I2L
AWAL,I2R
AWAL,I3
AWAL,IL2L
AWAL,M5
AWAL,NSMR
AWAL,OLLR
AWAL,PDEL
AWAL,PDER
AWAL,PHAR
AWAL,PLML
AWAL,PLMR
AWAL,PQR
AWAL,PVR
AWAL,RICL
AWAL,RIGL
AWAL,RIH
AWAL,RMEL
AWAL,RMER
AWAL,RMGR
AWAL,SABVR
AWAL,SDQR
AWAL,URYDL
AWAL,VD2
AWAR,BAGL
AWAR,BDUL
AWAR,CEPDL
AWAR,CEPDR
AWAR,CEPVL
AWAR,HSNR
AWAR,I2R
AWAR,M3R
AWAR,PDEL
AWAR,PDER
AWAR,PHAL
AWAR,PVCL
AWAR,PVNR
AWAR,RID
AWAR,RIGL
AWAR,RIH
AWAR,RIML
AWAR,RIMR
AWAR,RIS
AWAR,RMDL
AWAR,RMEV
AWAR,SAADR
AWAR,SIAVL
AWAR,SMBDL
AWAR,SMBVL
AWAR,URADR
AWAR,URAVL
AWAR,URBL
AWAR,URXL
AWAR,URYDL
AWAR,URYVR
AWAR,VD1
AWAR,VD12
AWAR,VD4
AWAR,VD5
AWBL,CEPVR
AWBL,DA5
AWBL,DA6
AWBL,DVA
AWBL,FLPL
AWBL,FLPR
AWBL,I1L
AWBL,I1R
AWBL,I2R
AWBL,IL2DR
AWBL,M2L
AWBL,M3R
AWBL,MCL
AWBL,OLQDR
AWBL,OLQVR
AWBL,PDEL
AWBL,PDER
AWBL,PHAL
AWBL,PHAR
AWBL,PVQL
AWBL,RIAL
AWBL,RIGL
AWBL,RIML
AWBL,RIMR
AWBL,RMEV
AWBL,SAADR
AWBL,SABVR
AWBL,SDQR
AWBL,SIADL
AWBL,SMBDL
AWBL,SMBDR
AWBL,URADL
AWBL,URXR
AWBL,URYVL
AWBL,VD1
AWBL,VD10
AWBL,VD11
AWBL,VD8
AWBR,CEPDL
AWBR,CEPVL
AWBR,DA4
AWBR,DB2
AWBR,DD4
AWBR,FLPL
AWBR,FLPR
AWBR,HSNL
AWBR,IL2DL
AWBR,M4
AWBR,MCR
AWBR,OLQDL
AWBR,PDEL
AWBR,PHAR
AWBR,PHBL
AWBR,PHCL
AWBR,PVCR
AWBR,PVDL
AWBR,PVNR
AWBR,PVQL
AWBR,PVQR
AWBR,PVWL
AWBR,PVWR
AWBR,RIBL
AWBR,RIFL
AWBR,RIGL
AWBR,RIH
AWBR,RIML
AWBR,RIMR
AWBR,RMGL
AWBR,SAADL
AWBR,SABD
AWBR,SIADR
AWBR,URADL
AWBR,URXL
AWBR,URYDL
AWBR,URYVR
AWBR,VA7
AWBR,VB4
AWBR,VD4
AWBR,VD7
AWCL,CEPDR
AWCL,DD1
AWCL,NSML
AWCL,OLLL
AWCL,PHAR
AWCL,RIGL
AWCL,RIMR
AWCL,RMEL
AWCL,RMHL
AWCL,URADR
AWCL,URXR
AWCL,VD8
AWCR,DD2
AWCR,DD3
AWCR,I1L
AWCR,I2L
AWCR,M2R
AWCR,MCL
AWCR,PDER
AWCR,PHAL
AWCR,PHAR
AWCR,PVDL
AWCR,PVM
AWCR,RICR
AWCR,RIFL
AWCR,URAVR
AWCR,VD8
BAGL,BDUL
BAGL,BDUR
BAGL,CEPDL
BAGL,CEPVL
BAGL,DA1
BAGL,DD3
BAGL,DVC
BAGL,I1R
BAGL,I2L
BAGL,IL1R
BAGL,IL1VL
BAGL,M3L
BAGL,MCR
BAGL,NSML
BAGL,NSMR
BAGL,OLLL
BAGL,OLQDL
BAGL,PDEL
BAGL,PHAL
BAGL,PLML
BAGL,PQR
BAGL,PVCR
BAGL,PVQR
BAGL,PVWL
BAGL,RICR
BAGL,RIVR
BAGL,RMGL
BAGL,SAAVR
BAGL,SIADL
BAGL,URXL
BAGL,URYVL
BAGL,VA1
BAGL,VB10
BAGL,VB6
BAGL,VD13
BAGL,VD5
BAGL,VD8
BAGR,BDUL
BAGR,CEPDL
BAGR,CEPVR
BAGR,DD3
BAGR,DD6
BAGR,DVA
BAGR,HSNL
BAGR,IL2VL
BAGR,M2L
BAGR,NSMR
BAGR,OLQDL
BAGR,OLQDR
BAGR,OLQVR
BAGR,PDEL
BAGR,PDER
BAGR,PHAL
BAGR,PQR
BAGR,PVCL
BAGR,PVCR
BAGR,PVNL
BAGR,PVQL
BAGR,PVQR
BAGR,RIBL
BAGR,RICR
BAGR,RIGL
BAGR,RIML
BAGR,RIMR
BAGR,RIS
BAGR,RMED
BAGR,RMER
BAGR,RMGL
BAGR,RMGR
BAGR,VA2
BAGR,VC2
BAGR,VD11
BAGR,VD3
BDUL,BDUR
BDUL,CEPDL
BDUL,CEPDR
BDUL,CEPVL
BDUL,CEPVR
BDUL,DA8
BDUL,DB2
BDUL,DB3
BDUL,DD2
BDUL,DVA
BDUL,FLPR
BDUL,HSNL
BDUL,I1L
BDUL,I1R
BDUL,I2L
BDUL,I2R
BDUL,IL2DR
BDUL,IL2R
BDUL,IL2VR
BDUL,M5
BDUL,MCL
BDUL,MCR
BDUL,NSML
BDUL,NSMR
BDUL,OLLL
BDUL,OLQDR
BDUL,OLQVR
BDUL,PDEL
BDUL,PDER
BDUL,PHAL
BDUL,PHAR
BDUL,PHBR
BDUL,PQR
BDUL,PVDL
BDUL,PVDR
BDUL,PVNL
BDUL,PVPR
BDUL,PVQR
BDUL,PVR
BDUL,PVT
BDUL,PVWL
BDUL,PVWR
BDUL,RIBL
BDUL,RIBR
BDUL,RICL
BDUL,RID
BDUL,RIGR
BDUL,RIH
BDUL,RIML
BDUL,RIMR
BDUL,RIVL
BDUL,RIVR
BDUL,RMED
BDUL,RMEL
BDUL,RMGL
BDUL,RMGR
BDUL,RMHR
BDUL,SAADL
BDUL,SAAVL
BDUL,SDQR
BDUL,SIBDR
BDUL,SMBDR
BDUL,SMDDR
BDUL,URADL
BDUL,URADR
BDUL,URAVL
BDUL,URAVR
BDUL,URXL
BDUL,URXR
BDUL,VA8
BDUL,VB2
BDUL,VC1
BDUL,VC2
BDUL,VD1
BDUL,VD10
BDUL,VD12
BDUL,VD13
BDUL,VD2
BDUL,VD3
BDUL,VD6
BDUL,VD9
BDUR,CEPDL
BDUR,CEPDR
BDUR,CEPVL
BDUR,CEPVR
BDUR,DA1
BDUR,DA4
BDUR,DD1
BDUR,DD3
BDUR,DD5
BDUR,DD6
BDUR,DVC
BDUR,FLPL
BDUR,FLPR
BDUR,HSNL
BDUR,I1R
BDUR,I2L
BDUR,I2R
BDUR,I3
BDUR,I5
BDUR,IL2DR
BDUR,IL2R
BDUR,IL2VR
BDUR,LUAL
BDUR,M2R
BDUR,M3L
BDUR,M3R
BDUR,M4
BDUR,MCR
BDUR,NSML
BDUR,NSMR
BDUR,OLLR
BDUR,OLQDL
BDUR,PDEL
BDUR,PDER
BDUR,PHAL
BDUR,PHAR
BDUR,PHBL
BDUR,PHBR
BDUR,PLML
BDUR,PLMR
BDUR,PQR
BDUR,PVCR
BDUR,PVDL
BDUR,PVDR
BDUR,PVNR
BDUR,PVPL
BDUR,PVQL
BDUR,PVQR
BDUR,PVR
BDUR,RIAL
BDUR,RICL
BDUR,RID
BDUR,RIFL
BDUR,RIGL
BDUR,RIML
BDUR,RIMR
BDUR,RIPR
BDUR,RIS
BDUR,RIVR
BDUR,RMDR
BDUR,RMDVL
BDUR,RMED
BDUR,RMGL
BDUR,RMGR
BDUR,SAADR
BDUR,SAAVR
BDUR,SDQL
BDUR,SIBDL
BDUR,SIBVR
BDUR,SMDVL
BDUR,URADR
BDUR,URAVL
BDUR,URXL
BDUR,URXR
BDUR,URYDR
BDUR,URYVL
BDUR,VB2
BDUR,VB5
BDUR,VC3
BDUR,VD1
BDUR,VD10
BDUR,VD11
BDUR,VD12
BDUR,VD13
BDUR,VD2
BDUR,VD3
BDUR,VD4
BDUR,VD5
BDUR,VD6
BDUR,VD7
BDUR,VD9
CANL,CEPDL
CANL,DD1
CANL,M2R
CANL,M3L
CANL,OLQDR
CANL,PLML
CANL,RIMR
CANL,RIVL
CANL,URXL
CANR,DD6
CANR,NSML
CANR,PVPR
CANR,RMDL
CANR,URXL
CANR,URXR
CEPDL,CEPDL
CEPDL,CEPDR
CEPDL,CEPVL
CEPDL,DA4
CEPDL,DD1
CEPDL,DD2
CEPDL,DD3
CEPDL,DD4
CEPDL,DD5
CEPDL,DD6
CEPDL,DVA
CEPDL,DVB
CEPDL,FLPL
CEPDL,FLPR
CEPDL,HSNL
CEPDL,HSNR
CEPDL,I1L
CEPDL,I2L
CEPDL,I2R
CEPDL,IL1DL
CEPDL,IL2DL
CEPDL,IL2L
CEPDL,IL2R
CEPDL,IL2VR
CEPDL,M2L
CEPDL,M2R
CEPDL,M3L
CEPDL,M3R
CEPDL,M5
CEPDL,MCR
CEPDL,NSML
CEPDL,NSMR
CEPDL,OLLL
CEPDL,OLLR
CEPDL,OLQDL
CEPDL,OLQVL
CEPDL,PDEL
CEPDL,PDER
CEPDL,PHAL
CEPDL,PHAR
CEPDL,PHBL
CEPDL,PHBR
CEPDL,PHCR
CEPDL,PLMR
CEPDL,PQR
CEPDL,PVDL
CEPDL,PVDR
CEPDL,PVNR
CEPDL,PVPL
CEPDL,PVPR
CEPDL,PVQL
CEPDL,PVQR
CEPDL,PVT
CEPDL,PVWR
CEPDL,RIAR
CEPDL,RIBL
CEPDL,RIBR
CEPDL,RICL
CEPDL,RIFL
CEPDL,RIFR
CEPDL,RIGL
CEPDL,RIML
CEPDL,RIMR
CEPDL,RIVL
CEPDL,RIVR
CEPDL,RMDR
CEPDL,RMDVL
CEPDL,RMDVR
CEPDL,RMED
CEPDL,RMEL
CEPDL,RMER
CEPDL,RMEV
CEPDL,RMFR
CEPDL,RMGL
CEPDL,RMGR
CEPDL,RMHL
CEPDL,RMHR
CEPDL,SAADL
CEPDL,SAADR
CEPDL,SAAVL
CEPDL,SDQL
CEPDL,SDQR
CEPDL,SIADL
CEPDL,SIBVL
CEPDL,URADL
CEPDL,URAVL
CEPDL,URXL
CEPDL,URYDL
CEPDL,URYDR
CEPDL,URYVL
CEPDL,URYVR
CEPDL,VA12
CEPDL,VA3
CEPDL,VA8
CEPDL,VB1
CEPDL,VB6
CEPDL,VC1
CEPDL,VC2
CEPDL,VC3
CEPDL,VD1
CEPDL,VD10
CEPDL,VD11
CEPDL,VD2
CEPDL,VD3
CEPDL,VD4
CEPDL,VD5
CEPDL,VD6
CEPDR,CEPDR
CEPDR,CEPVL
CEPDR,CEPVR
CEPDR,DA2
CEPDR,DA4
CEPDR,DA9
CEPDR,DD1
CEPDR,DD2
CEPDR,DD3
CEPDR,DD4
CEPDR,DD6
CEPDR,DVA
CEPDR,FLPL
CEPDR,FLPR
CEPDR,HSNL
CEPDR,HSNR
CEPDR,I1R
CEPDR,I2L
CEPDR,I2R
CEPDR,I3
CEPDR,I4
CEPDR,I6
CEPDR,IL1DR
CEPDR,IL1R
CEPDR,IL2DL
CEPDR,IL2L
CEPDR,IL2VL
CEPDR,LUAR
CEPDR,M2L
CEPDR,M2R
CEPDR,M3R
CEPDR,M4
CEPDR,M5
CEPDR,MCL
CEPDR,MCR
CEPDR,MI
CEPDR,NSML
CEPDR,NSMR
CEPDR,OLLL
CEPDR,OLQDL
CEPDR,OLQDR
CEPDR,OLQVL
CEPDR,OLQVR
CEPDR,PDEL
CEPDR,PDER
CEPDR,PHAL
CEPDR,PHAR
CEPDR,PHBL
CEPDR,PHBR
CEPDR,PLML
CEPDR,PLMR
CEPDR,PQR
CEPDR,PVCL
CEPDR,PVCR
CEPDR,PVDL
CEPDR,PVM
CEPDR,PVNL
CEPDR,PVNR
CEPDR,PVPL
CEPDR,PVQR
CEPDR,PVR
CEPDR,PVWL
CEPDR,PVWR
CEPDR,RIAR
CEPDR,RICL
CEPDR,RICR
CEPDR,RIFL
CEPDR,RIFR
CEPDR,RIGL
CEPDR,RIGR
CEPDR,RIH
CEPDR,RIML
CEPDR,RIMR
CEPDR,RIS
CEPDR,RIVR
CEPDR,RMDDR
CEPDR,RMED
CEPDR,RMEL
CEPDR,RMER
CEPDR,RMEV
CEPDR,RMFL
CEPDR,RMFR
CEPDR,RMGL
CEPDR,RMHL
CEPDR,SAADL
CEPDR,SAADR
CEPDR,SAAVR
CEPDR,SABD
CEPDR,SABVL
CEPDR,SDQR
CEPDR,SIADL
CEPDR,SIAVR
CEPDR,SIBDR
CEPDR,SMBDR
CEPDR,SMDVR
CEPDR,URADL
CEPDR,URADR
CEPDR,URAVL
CEPDR,URAVR
CEPDR,URXL
CEPDR,URYDR
CEPDR,VA10
CEPDR,VA11
CEPDR,VA12
CEPDR,VA3
CEPDR,VA4
CEPDR,VA7
CEPDR,VA9
CEPDR,VB1
CEPDR,VB10
CEPDR,VB2
CEPDR,VB4
CEPDR,VC1
CEPDR,VC3
CEPDR,VD11
CEPDR,VD12
CEPDR,VD13
CEPDR,VD3
CEPDR,VD4
CEPDR,VD7
CEPDR,VD9
CEPVL,DA1
CEPVL,DA3
CEPVL,DA5
CEPVL,DA7
CEPVL,DB2
CEPVL,DB6
CEPVL,DD4
CEPVL,DVA
CEPVL,DVC
CEPVL,FLPL
CEPVL,FLPR
CEPVL,HSNL
CEPVL,HSNR
CEPVL,I1L
CEPVL,I1R
CEPVL,I2L
CEPVL,I2R
CEPVL,I3
CEPVL,I6
CEPVL,IL1DR
CEPVL,IL2DR
CEPVL,IL2L
CEPVL,IL2VL
CEPVL,IL2VR
CEPVL,LUAR
CEPVL,M2R
CEPVL,M3L
CEPVL,M3R
CEPVL,MCL
CEPVL,MCR
CEPVL,OLLL
CEPVL,OLLR
CEPVL,OLQDL
CEPVL,OLQDR
CEPVL,OLQVL
CEPVL,OLQVR
CEPVL,PDA
CEPVL,PDEL
CEPVL,PDER
CEPVL,PHAL
CEPVL,PHAR
CEPVL,PHBL
CEPVL,PHBR
CEPVL,PLML
CEPVL,PQR
CEPVL,PVCL
CEPVL,PVCR
CEPVL,PVM
CEPVL,PVNL
CEPVL,PVPL
CEPVL,PVQL
CEPVL,PVQR
CEPVL,PVR
CEPVL,PVWL
CEPVL,PVWR
CEPVL,RIAR
CEPVL,RIBR
CEPVL,RICL
CEPVL,RICR
CEPVL,RID
CEPVL,RIFL
CEPVL,RIFR
CEPVL,RIGL
CEPVL,RIGR
CEPVL,RIML
CEPVL,RIMR
CEPVL,RIPR
CEPVL,RIR
CEPVL,RIS
CEPVL,RIVL
CEPVL,RMDR
CEPVL,RMDVR
CEPVL,RMED
CEPVL,RMEL
CEPVL,RMER
CEPVL,RMGL
CEPVL,SAADL
CEPVL,SAADR
CEPVL,SAAVR
CEPVL,SABVL
CEPVL,SDQR
CEPVL,SIADR
CEPVL,SIAVL
CEPVL,SIBDL
CEPVL,SMBDL
CEPVL,URADR
CEPVL,URAVL
CEPVL,URAVR
CEPVL,URXL
CEPVL,VB1
CEPVL,VB2
CEPVL,VB4
CEPVL,VC1
CEPVL,VC3
CEPVL,VC4
CEPVL,VC5
CEPVL,VD1
CEPVL,VD10
CEPVL,VD12
CEPVL,VD13
CEPVL,VD2
CEPVL,VD3
CEPVL,VD7
CEPVL,VD8
CEPVL,VD9
CEPVR,DA5
CEPVR,DA8
CEPVR,DB5
CEPVR,DD2
CEPVR,DD3
CEPVR,DD4
CEPVR,DVA
CEPVR,FLPL
CEPVR,FLPR
CEPVR,HSNL
CEPVR,HSNR
CEPVR,I1L
CEPVR,I1R
CEPVR,I2L
CEPVR,I2R
CEPVR,I3
CEPVR,IL2L
CEPVR,LUAL
CEPVR,M2L
CEPVR,M2R
CEPVR,M3L
CEPVR,M3R
CEPVR,M4
CEPVR,MCR
CEPVR,NSML
CEPVR,NSMR
CEPVR,OLLL
CEPVR,OLLR
CEPVR,OLQDR
CEPVR,OLQVL
CEPVR,OLQVR
CEPVR,PDEL
CEPVR,PDER
CEPVR,PHAR
CEPVR,PHBL
CEPVR,PHBR
CEPVR,PHCR
CEPVR,PLML
CEPVR,PLMR
CEPVR,PQR
CEPVR,PVCL
CEPVR,PVCR
CEPVR,PVDL
CEPVR,PVDR
CEPVR,PVM
CEPVR,PVNL
CEPVR,PVPL
CEPVR,PVQL
CEPVR,PVQR
CEPVR,PVT
CEPVR,PVWL
CEPVR,PVWR
CEPVR,RIAL
CEPVR,RIBL
CEPVR,RICR
CEPVR,RID
CEPVR,RIFR
CEPVR,RIGL
CEPVR,RIGR
CEPVR,RIH
CEPVR,RIML
CEPVR,RIMR
CEPVR,RIVL
CEPVR,RMDL
CEPVR,RMDVR
CEPVR,RMED
CEPVR,RMEL
CEPVR,RMER
CEPVR,RMFL
CEPVR,RMGL
CEPVR,RMGR
CEPVR,RMHL
CEPVR,RMHR
CEPVR,SAADR
CEPVR,SAAVL
CEPVR,SABVL
CEPVR,SABVR
CEPVR,SIADL
CEPVR,SIADR
CEPVR,SMBDL
CEPVR,SMDVL
CEPVR,URADL
CEPVR,URAVR
CEPVR,URXL
CEPVR,URXR
CEPVR,URYDL
CEPVR,URYVL
CEPVR,URYVR
CEPVR,VA1
CEPVR,VA11
CEPVR,VA5
CEPVR,VA8
CEPVR,VB10
CEPVR,VB2
CEPVR,VB4
CEPVR,VB8
CEPVR,VD1
CEPVR,VD13
CEPVR,VD2
CEPVR,VD3
CEPVR,VD4
CEPVR,VD5
CEPVR,VD7
CEPVR,VD8
CEPVR,VD9
DA1,DVB
DA1,FLPL
DA1,I1L
DA1,I2L
DA1,I2R
DA1,M3L
DA1,OLLR
DA1,OLQVR
DA1,PDEL
DA1,PVCL
DA1,PVNR
DA1,PVQR
DA1,RIMR
DA1,VA9
DA2,DD6
DA2,FLPL
DA2,IL2R
DA2,M2R
DA2,MCL
DA2,PHAR
DA2,PHBR
DA2,RIML
DA2,RIVL
DA2,RMDDL
DA2,RMEL
DA2,RMER
DA2,SAAVL
DA2,VB1
DA2,VD3
DA3,DD3
DA3,DD5
DA3,I1L
DA3,MCR
DA3,PDEL
DA3,PDER
DA3,PHAL
DA3,PHAR
DA3,PHBR
DA3,PHCL
DA3,PVQL
DA3,PVWL
DA3,RICR
DA3,RIMR
DA3,RMDDL
DA3,SABVR
DA3,SIAVR
DA3,URADR
DA3,URYDL
DA3,VB9
DA3,VD4
DA4,I2R
DA4,PHBR
DA4,PLMR
DA4,PLNL
DA4,PVQL
DA4,PVR
DA4,RICL
DA4,RIGR
DA4,URADL
DA4,VA12
DA4,VD10
DA4,VD7
DA5,M1
DA5,MCR
DA5,OLQVL
DA5,OLQVR
DA5,PHAR
DA5,PHCL
DA5,PVNL
DA5,RMGR
DA5,SAAVL
DA5,SABVR
DA5,SDQR
DA5,URADR
DA5,URXR
DA5,VA10
DA6,DD1
DA6,FLPL
DA6,HSNL
DA6,IL2R
DA6,NSML
DA6,PDEL
DA6,PHAL
DA6,RIGL
DA6,RIMR
DA6,RMER
DA6,SMBDL
DA6,URAVR
DA7,HSNR
DA7,PDEL
DA7,PHAL
DA7,PVWR
DA7,RICR
DA7,RIMR
DA7,RMGL
DA7,SABVR
DA8,FLPR
DA8,I5
DA8,OLQDR
DA8,PHAR
DA8,PHBR
DA8,PQR
DA8,PVCR
DA8,RIAR
DA8,RIMR
DA8,RMEV
DA8,RMGL
DA8,URXL
DA8,URXR
DA9,DVA
DA9,HSNL
DA9,M4
DA9,MCR
DA9,OLQDR
DA9,PHAL
DA9,PHBR
DA9,PVCR
DA9,RICL
DA9,RIGR
DA9,RIML
DA9,RIS
DA9,RMED
DA9,RMEV
DA9,SAADR
DA9,SMBDL
DA9,VD7
DB1,DD4
DB1,DD6
DB1,NSMR
DB1,PHAR
DB1,PVQL
DB1,RIAL
DB1,RIBR
DB1,RIFR
DB1,RIML
DB1,RMFL
DB1,RMGR
DB1,SAADR
DB1,SIADL
DB1,URYDR
DB1,VD12
DB1,VD6
DB2,DD3
DB2,DD4
DB2,DD5
DB2,FLPL
DB2,I1L
DB2,I2L
DB2,I2R
DB2,IL2R
DB2,IL2VL
DB2,LUAR
DB2,M2L
DB2,M2R
DB2,M4
DB2,M5
DB2,MCL
DB2,NSML
DB2,OLQDR
DB2,OLQVR
DB2,PDEL
DB2,PHBL
DB2,PHBR
DB2,PQR
DB2,PVCL
DB2,PVT
DB2,PVWR
DB2,RIAR
DB2,RICR
DB2,RIFR
DB2,RIMR
DB2,RIVL
DB2,RMEL
DB2,RMGL
DB2,SAADL
DB2,SAADR
DB2,SABD
DB2,SDQR
DB2,SIADR
DB2,SMDDR
DB2,URAVL
DB2,URAVR
DB2,URXL
DB2,URYDR
DB2,URYVR
DB2,VD12
DB2,VD13
DB3,DD6
DB3,DVA
DB3,FLPL
DB3,HSNL
DB3,OLQDR
DB3,PHAL
DB3,PVQL
DB3,PVWL
DB3,RICR
DB3,RIMR
DB3,RIS
DB3,RMED
DB3,RMEL
DB3,RMEV
DB3,RMGL
DB3,SMDVR
DB3,URYVR
DB3,VA4
DB3,VD11
DB4,DD6
DB4,I1L
DB4,I2L
DB4,I4
DB4,M4
DB4,PDEL
DB4,PDER
DB4,PVCL
DB4,RIH
DB4,RIML
DB4,RIMR
DB4,RIPR
DB4,RIVR
DB4,RMFR
DB4,RMGR
DB4,SDQL
DB4,VB5
DB4,VD1
DB5,IL2L
DB5,PHAR
DB5,PQR
DB5,RID
DB5,RMED
DB5,RMGL
DB5,RMGR
DB5,SIADL
DB5,URADL
DB5,VC3
DB6,DD3
DB6,IL2VR
DB6,OLQDR
DB6,PHBR
DB6,PVCR
DB6,PVQL
DB6,RIAL
DB6,RIML
DB6,SAAVL
DB6,URAVR
DB6,VB6
DB7,DD1
DB7,DD3
DB7,I2L
DB7,I2R
DB7,M5
DB7,OLQVL
DB7,OLQVR
DB7,PQR
DB7,PVPR
DB7,PVQL
DB7,URYVL
DB7,VD8
DD1,DD6
DD1,FLPL
DD1,HSNR
DD1,I1R
DD1,I2R
DD1,IL2DL
DD1,IL2R
DD1,M2L
DD1,M2R
DD1,M3R
DD1,M4
DD1,NSMR
DD1,OLLR
DD1,PDER
DD1,PHAL
DD1,PHAR
DD1,PHBL
DD1,PQR
DD1,PVCR
DD1,PVDR
DD1,PVM
DD1,PVNL
DD1,PVQL
DD1,PVQR
DD1,PVR
DD1,PVWL
DD1,PVWR
DD1,RICL
DD1,RICR
DD1,RID
DD1,RIFR
DD1,RIGL
DD1,RIGR
DD1,RIH
DD1,RIML
DD1,RIMR
DD1,RIVL
DD1,RIVR
DD1,RMDVL
DD1,RMEL
DD1,RMER
DD1,RMGL
DD1,RMGR
DD1,SAAVL
DD1,SABVR
DD1,SIADL
DD1,SIAVL
DD1,URAVR
DD1,URXL
DD1,URYDL
DD1,VB6
DD1,VD1
DD1,VD2
DD1,VD3
DD1,VD5
DD1,VD7
DD2,DD3
DD2,DD5
DD2,DVA
DD2,FLPL
DD2,FLPR
DD2,I1L
DD2,I2L
DD2,I2R
DD2,IL2DL
DD2,IL2L
DD2,IL2R
DD2,IL2VL
DD2,IL2VR
DD2,M1
DD2,M2L
DD2,MCL
DD2,MCR
DD2,NSML
DD2,NSMR
DD2,OLLL
DD2,PDEL
DD2,PHAL
DD2,PHAR
DD2,PHBL
DD2,PHBR
DD2,PLML
DD2,PQR
DD2,PVCL
DD2,PVCR
DD2,PVPL
DD2,PVQL
DD2,PVR
DD2,PVT
DD2,PVWR
DD2,RICL
DD2,RID
DD2,RIGL
DD2,RIGR
DD2,RIML
DD2,RIMR
DD2,RIS
DD2,RIVR
DD2,RMED
DD2,RMER
DD2,RMGL
DD2,RMGR
DD2,SAADL
DD2,SAADR
DD2,SAAVR
DD2,SABD
DD2,SIADL
DD2,SMBDL
DD2,URADR
DD2,URAVL
DD2,URXL
DD2,URXR
DD2,URYVL
DD2,URYVR
DD2,VA2
DD2,VA8
DD2,VB10
DD2,VB3
DD2,VB6
DD2,VD1
DD2,VD10
DD2,VD2
DD2,VD4
DD3,DVA
DD3,DVC
DD3,FLPL
DD3,I2L
DD3,I2R
DD3,IL1DL
DD3,IL2DL
DD3,M2R
DD3,M3L
DD3,M4
DD3,M5
DD3,MCR
DD3,NSMR
DD3,OLLR
DD3,OLQDL
DD3,OLQDR
DD3,OLQVL
DD3,PDEL
DD3,PHAL
DD3,PHAR
DD3,PHBL
DD3,PHBR
DD3,PLMR
DD3,PQR
DD3,PVCR
DD3,PVM
DD3,PVWL
DD3,RIAL
DD3,RICR
DD3,RIGL
DD3,RIGR
DD3,RIML
DD3,RIMR
DD3,RIS
DD3,RMEL
DD3,RMEV
DD3,RMGL
DD3,SAAVL
DD3,SIADR
DD3,URAVL
DD3,URAVR
DD3,URXR
DD3,URYDR
DD3,URYVL
DD3,VA12
DD3,VB7
DD3,VB9
DD3,VD13
DD3,VD5
DD3,VD8
DD3,VD9
DD4,DD5
DD4,FLPL
DD4,FLPR
DD4,HSNR
DD4,I1L
DD4,I6
DD4,IL1L
DD4,IL2R
DD4,M2L
DD4,M3L
DD4,MCR
DD4,OLLR
DD4,OLQVL
DD4,PDEL
DD4,PDER
DD4,PHAR
DD4,PHBL
DD4,PVCL
DD4,PVQL
DD4,PVQR
DD4,PVT
DD4,PVWL
DD4,PVWR
DD4,RIAL
DD4,RIBL
DD4,RIBR
DD4,RIFR
DD4,RIML
DD4,RIMR
DD4,RMEL
DD4,RMGR
DD4,SAADL
DD4,SAADR
DD4,SDQL
DD4,SIAVL
DD4,URADL
DD4,URADR
DD4,URAVL
DD4,URXR
DD4,URYDL
DD4,URYVR
DD4,VA9
DD4,VD10
DD4,VD13
DD4,VD4
DD4,VD5
DD4,VD9
DD5,DVA
DD5,HSNR
DD5,I6
DD5,IL1R
DD5,IL1VL
DD5,IL2L
DD5,IL2VL
DD5,LUAR
DD5,M1
DD5,M2L
DD5,M2R
DD5,M3L
DD5,M3R
DD5,MCL
DD5,NSML
DD5,OLLR
DD5,OLQDR
DD5,PDEL
DD5,PDER
DD5,PHAL
DD5,PHAR
DD5,PHBL
DD5,PQR
DD5,PVCL
DD5,PVNL
DD5,PVQL
DD5,PVQR
DD5,PVWR
DD5,RICL
DD5,RID
DD5,RIFR
DD5,RIGL
DD5,RIGR
DD5,RIML
DD5,RIMR
DD5,RMED
DD5,RMEL
DD5,RMGL
DD5,RMGR
DD5,SAADR
DD5,SABVR
DD5,SIAVR
DD5,URADL
DD5,URAVL
DD5,URXL
DD5,URXR
DD5,URYVL
DD5,VD1
DD5,VD11
DD5,VD4
DD5,VD6
DD6,FLPR
DD6,HSNL
DD6,HSNR
DD6,I1R
DD6,I2L
DD6,I2R
DD6,IL2DL
DD6,LUAR
DD6,M3R
DD6,M4
DD6,MCL
DD6,NSML
DD6,NSMR
DD6,OLLL
DD6,OLLR
DD6,OLQDL
DD6,PDEL
DD6,PHAR
DD6,PHBL
DD6,PQR
DD6,PVCR
DD6,PVQL
DD6,PVQR
DD6,PVWR
DD6,RIAL
DD6,RIBL
DD6,RICL
DD6,RICR
DD6,RIGR
DD6,RIMR
DD6,RIVL
DD6,RMGL
DD6,SAADR
DD6,SABD
DD6,SIADL
DD6,URAVL
DD6,URXL
DD6,URYDL
DD6,URYVL
DD6,VA11
DD6,VC1
DD6,VD12
DD6,VD13
DD6,VD2
DD6,VD6
DVA,DVC
DVA,FLPL
DVA,FLPR
DVA,HSNL
DVA,HSNR
DVA,I1L
DVA,I2L
DVA,I2R
DVA,I5
DVA,I6
DVA,IL1DR
DVA,IL1L
DVA,IL1VR
DVA,IL2L
DVA,IL2VL
DVA,LUAL
DVA,M1
DVA,M2R
DVA,M3L
DVA,M3R
DVA,M4
DVA,M5
DVA,MCR
DVA,MI
DVA,NSML
DVA,OLLR
DVA,OLQDL
DVA,OLQDR
DVA,OLQVL
DVA,OLQVR
DVA,PDEL
DVA,PDER
DVA,PHAL
DVA,PHAR
DVA,PHBL
DVA,PLML
DVA,PQR
DVA,PVCL
DVA,PVQL
DVA,PVR
DVA,PVWR
DVA,RIAL
DVA,RIBL
DVA,RIBR
DVA,RICR
DVA,RID
DVA,RIFL
DVA,RIGL
DVA,RIGR
DVA,RIML
DVA,RIMR
DVA,RIR
DVA,RMED
DVA,RMER
DVA,RMEV
DVA,RMGL
DVA,RMGR
DVA,RMHR
DVA,SAADL
DVA,SAADR
DVA,SAAVL
DVA,SABVL
DVA,SDQR
DVA,SIADL
DVA,SIAVL
DVA,SIAVR
DVA,SIBDR
DVA,SIBVL
DVA,SMBDR
DVA,SMDDR
DVA,URADL
DVA,URADR
DVA,URAVL
DVA,URXL
DVA,URXR
DVA,URYDL
DVA,URYDR
DVA,VA1
DVA,VA12
DVA,VA6
DVA,VC1
DVA,VD1
DVA,VD10
DVA,VD11
DVA,VD13
DVA,VD4
DVA,VD5
DVA,VD6
DVA,VD7
DVB,PDER
DVB,PQR
DVB,PVNL
DVB,RIMR
DVB,RMGR
DVB,URAVR
DVB,URYDL
DVC,FLPL
DVC,HSNL
DVC,IL2VR
DVC,M4
DVC,MCR
DVC,PHAL
DVC,PHAR
DVC,PQR
DVC,PVM
DVC,RIGR
DVC,RIH
DVC,RIML
DVC,RIS
DVC,RMED
DVC,RMFR
DVC,SAAVL
DVC,URADL
DVC,URYVR
DVC,VB5
FLPL,FLPR
FLPL,HSNL
FLPL,HSNR
FLPL,I1L
FLPL,I2L
FLPL,I2R
FLPL,I5
FLPL,IL1R
FLPL,IL2VR
FLPL,LUAR
FLPL,M2L
FLPL,M2R
FLPL,M3L
FLPL,M3R
FLPL,M4
FLPL,MCR
FLPL,NSML
FLPL,NSMR
FLPL,OLLL
FLPL,OLQDR
FLPL,OLQVL
FLPL,OLQVR
FLPL,PDEL
FLPL,PDER
FLPL,PHAL
FLPL,PHBL
FLPL,PHBR
FLPL,PLML
FLPL,PQR
FLPL,PVCR
FLPL,PVDL
FLPL,PVDR
FLPL,PVM
FLPL,PVNL
FLPL,PVNR
FLPL,PVPL
FLPL,PVQL
FLPL,PVQR
FLPL,PVR
FLPL,RIAL
FLPL,RIAR
FLPL,RICR
FLPL,RIFL
FLPL,RIFR
FLPL,RIGL
FLPL,RIML
FLPL,RIMR
FLPL,RIS
FLPL,RIVL
FLPL,RIVR
FLPL,RMDR
FLPL,RMEL
FLPL,RMER
FLPL,RMEV
FLPL,RMGL
FLPL,RMGR
FLPL,SAADR
FLPL,SDQR
FLPL,SIADL
FLPL,SIADR
FLPL,SIAVR
FLPL,SIBDL
FLPL,SMDVR
FLPL,URADL
FLPL,URAVR
FLPL,URXL
FLPL,URXR
FLPL,URYDL
FLPL,URYDR
FLPL,URYVL
FLPL,URYVR
FLPL,VA2
FLPL,VA6
FLPL,VA9
FLPL,VB1
FLPL,VB11
FLPL,VB6
FLPL,VB8
FLPL,VC1
FLPL,VC2
FLPL,VC3
FLPL,VC4
FLPL,VC6
FLPL,VD11
FLPL,VD13
FLPL,VD2
FLPL,VD4
FLPL,VD5
FLPL,VD9
FLPR,FLPR
FLPR,HSNL
FLPR,I1L
FLPR,I2L
FLPR,I2R
FLPR,IL1DR
FLPR,IL2DL
FLPR,IL2L
FLPR,IL2R
FLPR,IL2VL
FLPR,IL2VR
FLPR,LUAL
FLPR,LUAR
FLPR,M2L
FLPR,M2R
FLPR,M3L
FLPR,M5
FLPR,MCL
FLPR,MCR
FLPR,NSML
FLPR,NSMR
FLPR,OLLL
FLPR,OLQDL
FLPR,OLQDR
FLPR,OLQVL
FLPR,OLQVR
FLPR,PDER
FLPR,PHAL
FLPR,PHAR
FLPR,PHCR
FLPR,PLMR
FLPR,PQR
FLPR,PVCL
FLPR,PVCR
FLPR,PVDL
FLPR,PVDR
FLPR,PVQL
FLPR,PVR
FLPR,PVWL
FLPR,PVWR
FLPR,RIAR
FLPR,RIBL
FLPR,RIBR
FLPR,RICL
FLPR,RICR
FLPR,RIFL
FLPR,RIGL
FLPR,RIGR
FLPR,RIH
FLPR,RIML
FLPR,RIMR
FLPR,RIS
FLPR,RIVR
FLPR,RMDR
FLPR,RMED
FLPR,RMEL
FLPR,RMER
FLPR,RMEV
FLPR,RMGL
FLPR,RMGR
FLPR,SAADL
FLPR,SAADR
FLPR,SABD
FLPR,SDQL
FLPR,SDQR
FLPR,SIADR
FLPR,SIAVL
FLPR,SIAVR
FLPR,SMBDL
FLPR,SMBDR
FLPR,SMDVL
FLPR,URADL
FLPR,URADR
FLPR,URAVL
FLPR,URXL
FLPR,URXR
FLPR,URYDL
FLPR,URYVL
FLPR,URYVR
FLPR,VA2
FLPR,VA3
FLPR,VA6
FLPR,VA7
FLPR,VB1
FLPR,VB9
FLPR,VC4
FLPR,VD10
FLPR,VD13
FLPR,VD2
FLPR,VD3
FLPR,VD5
FLPR,VD7
FLPR,VD9
HSNL,HSNR
HSNL,I1L
HSNL,I2R
HSNL,I3
HSNL,IL1R
HSNL,IL2L
HSNL,IL2VL
HSNL,M2L
HSNL,M2R
HSNL,M3L
HSNL,M3R
HSNL,MCL
HSNL,NSML
HSNL,NSMR
HSNL,OLQDL
HSNL,OLQDR
HSNL,OLQVL
HSNL,OLQVR
HSNL,PDA
HSNL,PDEL
HSNL,PDER
HSNL,PHAL
HSNL,PHAR
HSNL,PHBL
HSNL,PLMR
HSNL,PQR
HSNL,PVCL
HSNL,PVM
HSNL,PVPL
HSNL,PVPR
HSNL,PVQL
HSNL,PVQR
HSNL,PVT
HSNL,RIAR
HSNL,RIBL
HSNL,RICL
HSNL,RICR
HSNL,RID
HSNL,RIFL
HSNL,RIGL
HSNL,RIML
HSNL,RIMR
HSNL,RIS
HSNL,RIVL
HSNL,RMER
HSNL,RMEV
HSNL,RMGR
HSNL,SAADR
HSNL,SMBDL
HSNL,URAVL
HSNL,URAVR
HSNL,URBR
HSNL,URXL
HSNL,URXR
HSNL,VA12
HSNL,VA9
HSNL,VB5
HSNL,VB7
HSNL,VD10
HSNL,VD13
HSNL,VD2
HSNL,VD3
HSNL,VD7
HSNL,VD8
HSNL,VD9
HSNR,I1L
HSNR,I1R
HSNR,I2L
HSNR,I4
HSNR,IL2DL
HSNR,IL2L
HSNR,IL2R
HSNR,IL2VR
HSNR,LUAL
HSNR,LUAR
HSNR,M1
HSNR,M2L
HSNR,M2R
HSNR,M3R
HSNR,MCL
HSNR,MCR
HSNR,NSML
HSNR,NSMR
HSNR,OLQDL
HSNR,OLQDR
HSNR,PDER
HSNR,PHAL
HSNR,PHBL
HSNR,PHBR
HSNR,PLML
HSNR,PLMR
HSNR,PQR
HSNR,PVCR
HSNR,PVDR
HSNR,PVM
HSNR,PVNL
HSNR,PVNR
HSNR,PVQL
HSNR,PVQR
HSNR,PVR
HSNR,PVT
HSNR,PVWL
HSNR,PVWR
HSNR,RIBL
HSNR,RIBR
HSNR,RICR
HSNR,RID
HSNR,RIGL
HSNR,RIML
HSNR,RIMR
HSNR,RIS
HSNR,RIVL
HSNR,RMEL
HSNR,RMEV
HSNR,RMGL
HSNR,RMGR
HSNR,SAADR
HSNR,SAAVR
HSNR,SABD
HSNR,SABVR
HSNR,SDQL
HSNR,SIAVR
HSNR,SIBDR
HSNR,SIBVL
HSNR,SMBDL
HSNR,SMBDR
HSNR,SMBVR
HSNR,URXL
HSNR,URYDL
HSNR,URYDR
HSNR,URYVL
HSNR,URYVR
HSNR,VA12
HSNR,VA2
HSNR,VA3
HSNR,VA6
HSNR,VA7
HSNR,VB10
HSNR,VB6
HSNR,VB7
HSNR,VC5
HSNR,VD10
HSNR,VD3
HSNR,VD4
HSNR,VD6
I1L,I1R
I1L,I2L
I1L,I2R
I1L,IL1DR
I1L,M2L
I1L,M2R
I1L,M3R
I1L,M4
I1L,MCL
I1L,MCR
I1L,NSML
I1L,NSMR
I1L,OLLL
I1L,OLQDL
I1L,OLQDR
I1L,OLQVL
I1L,OLQVR
I1L,PDA
I1L,PDEL
I1L,PDER
I1L,PHAL
I1L,PQR
I1L,PVCL
I1L,PVCR
I1L,PVM
I1L,PVQL
I1L,PVQR
I1L,PVT
I1L,RICR
I1L,RID
I1L,RIML
I1L,RIMR
I1L,RMDL
I1L,RMEL
I1L,SAADL
I1L,SAADR
I1L,SABD
I1L,SMBDL
I1L,URADR
I1L,URAVR
I1L,URXL
I1L,URXR
I1L,VA12
I1L,VC4
I1L,VD13
I1L,VD4
I1L,VD7
I1L,VD8
I1R,I2L
I1R,I2R
I1R,IL1DL
I1R,IL1L
I1R,M2R
I1R,M3L
I1R,M3R
I1R,MCR
I1R,NSML
I1R,NSMR
I1R,OLQDL
I1R,OLQVL
I1R,PDER
I1R,PHAR
I1R,PHBL
I1R,PLMR
I1R,PVCL
I1R,PVCR
I1R,PVM
I1R,PVPR
I1R,PVQR
I1R,PVWL
I1R,PVWR
I1R,RIAR
I1R,RIFL
I1R,RIGL
I1R,RIGR
I1R,RIML
I1R,RIMR
I1R,RIVR
I1R,RMEV
I1R,RMGL
I1R,SAADL
I1R,SAADR
I1R,SMBDL
I1R,URADL
I1R,URAVR
I1R,URBL
I1R,URYVR
I1R,VA11
I1R,VB4
I1R,VD1
I1R,VD12
I1R,VD13
I1R,VD2
I1R,VD3
I1R,VD5
I1R,VD6
I1R,VD7
I1R,VD9
I2L,I6
I2L,IL1VL
I2L,IL2L
I2L,IL2VR
I2L,LUAL
I2L,M1
I2L,M2L
I2L,M2R
I2L,M3L
I2L,M3R
I2L,MCR
I2L,NSMR
I2L,OLQDR
I2L,OLQVL
I2L,OLQVR
I2L,PDER
I2L,PHAL
I2L,PHAR
I2L,PHBL
I2L,PHBR
I2L,PLMR
I2L,PQR
I2L,PVCL
I2L,PVCR
I2L,PVM
I2L,PVNR
I2L,PVPR
I2L,RICR
I2L,RID
I2L,RIGR
I2L,RIML
I2L,RIMR
I2L,RIS
I2L,RMDVL
I2L,RMED
I2L,RMEL
I2L,RMEV
I2L,RMGL
I2L,RMHR
I2L,SAADL
I2L,SAAVL
I2L,SDQL
I2L,SIADL
I2L,SMBDL
I2L,SMBVR
I2L,URADR
I2L,URXL
I2L,URXR
I2L,URYDR
I2L,URYVL
I2L,VA1
I2L,VA12
I2L,VB3
I2L,VC3
I2L,VC5
I2L,VD11
I2L,VD12
I2L,VD13
I2L,VD3
I2L,VD4
I2L,VD6
I2R,IL2DL
I2R,M2L
I2R,M4
I2R,MCL
I2R,MCR
I2R,NSML
I2R,NSMR
I2R,OLLR
I2R,OLQDR
I2R,OLQVL
I2R,PHAL
I2R,PHAR
I2R,PHBL
I2R,PLMR
I2R,PQR
I2R,PVCL
I2R,PVCR
I2R,PVDL
I2R,PVDR
I2R,PVNR
I2R,PVPL
I2R,PVQL
I2R,RICL
I2R,RICR
I2R,RID
I2R,RIFR
I2R,RIML
I2R,RIMR
I2R,RIR
I2R,RIS
I2R,RIVR
I2R,RMDL
I2R,RMER
I2R,RMEV
I2R,RMGL
I2R,RMGR
I2R,SAADL
I2R,SAADR
I2R,SABVR
I2R,SDQL
I2R,SIADR
I2R,URAVL
I2R,URBL
I2R,URYDL
I2R,VA5
I2R,VA8
I2R,VB10
I2R,VB6
I2R,VB8
I2R,VC5
I2R,VD1
I2R,VD10
I2R,VD11
I2R,VD2
I2R,VD4
I2R,VD5
I2R,VD9
I3,M3L
I3,PHBR
I3,PVQR
I3,SAAVL
I3,VA9
I4,M3L
I4,M4
I4,MCR
I4,NSML
I4,OLLL
I4,OLQVL
I4,PHBL
I4,URADR
I4,URXL
I5,LUAR
I5,M3L
I5,NSMR
I5,OLQDR
I5,PDER
I5,PHAL
I5,RIFR
I5,RIML
I5,RIMR
I5,SAADR
I5,URXR
I5,URYDR
I5,VB1
I6,M3R
I6,PDEL
I6,PHAL
I6,PVQL
I6,RIGR
I6,RIH
I6,RIML
I6,RIVR
I6,RMGL
I6,URXL
I6,VA11
I6,VD12
IL1DL,M4
IL1DL,MCR
IL1DL,NSMR
IL1DL,OLQDR
IL1DL,PVPR
IL1DL,PVR
IL1DL,RIFL
IL1DR,PHAR
IL1DR,PHCL
IL1DR,RIMR
IL1DR,URXL
IL1L,NSMR
IL1L,PHBL
IL1L,PVNL
IL1L,PVQL
IL1L,RIAL
IL1L,RMEV
IL1R,PDER
IL1R,PHAL
IL1R,PQR
IL1R,PVCL
IL1R,PVPR
IL1R,PVT
IL1R,RICL
IL1R,RMEL
IL1R,SAADL
IL1VL,OLQVL
IL1VL,PHAR
IL1VL,RIBL
IL1VL,RIML
IL1VL,RIVR
IL1VL,RMGR
IL1VL,URADL
IL1VR,IL2R
IL1VR,OLLR
IL1VR,PDEL
IL1VR,PVDL
IL1VR,PVR
IL1VR,RIGR
IL1VR,RIVR
IL1VR,RMDVL
IL1VR,SABVL
IL2DL,IL2R
IL2DL,M2L
IL2DL,M3L
IL2DL,M4
IL2DL,OLQDL
IL2DL,PHAR
IL2DL,PHBR
IL2DL,PLML
IL2DL,PQR
IL2DL,PVPL
IL2DL,PVQL
IL2DL,PVWL
IL2DL,RIAL
IL2DL,RIBL
IL2DL,RIFR
IL2DL,RIMR
IL2DL,RIVL
IL2DL,RMER
IL2DL,RMGL
IL2DL,RMGR
IL2DL,SAAVL
IL2DL,SMBDR
IL2DL,URAVL
IL2DL,URXL
IL2DL,URXR
IL2DL,VC4
IL2DL,VD13
IL2DL,VD2
IL2DL,VD4
IL2DL,VD5
IL2DL,VD7
IL2DR,M3L
IL2DR,M3R
IL2DR,MCL
IL2DR,MCR
IL2DR,OLQDL
IL2DR,PDER
IL2DR,PHAR
IL2DR,PHBR
IL2DR,PLMR
IL2DR,PQR
IL2DR,PVCL
IL2DR,PVCR
IL2DR,PVQL
IL2DR,PVQR
IL2DR,PVT
IL2DR,RIGL
IL2DR,RIGR
IL2DR,RIML
IL2DR,RIS
IL2DR,RMEV
IL2DR,RMGR
IL2DR,SAADL
IL2DR,SABVR
IL2DR,SDQL
IL2DR,SDQR
IL2DR,SIADR
IL2DR,URADR
IL2DR,URAVL
IL2DR,URBL
IL2DR,URXR
IL2DR,VD12
IL2DR,VD2
IL2DR,VD4
IL2DR,VD9
IL2L,IL2R
IL2L,M2L
IL2L,M4
IL2L,MCR
IL2L,PDEL
IL2L,PHAL
IL2L,PHAR
IL2L,PVDL
IL2L,PVPR
IL2L,PVQL
IL2L,PVQR
IL2L,PVWL
IL2L,RID
IL2L,RIGL
IL2L,RIML
IL2L,RIMR
IL2L,RIPL
IL2L,RMDL
IL2L,RMED
IL2L,RMER
IL2L,SAADL
IL2L,SAAVR
IL2L,SIAVL
IL2L,SMDDR
IL2L,URAVL
IL2L,VB10
IL2L,VD12
IL2R,IL2VR
IL2R,M3L
IL2R,PDER
IL2R,PHAR
IL2R,PQR
IL2R,PVNR
IL2R,PVWL
IL2R,RIAL
IL2R,RICR
IL2R,RIGR
IL2R,RIML
IL2R,RIMR
IL2R,RMDDL
IL2R,RMED
IL2R,RMGR
IL2R,SDQL
IL2R,SMDVL
IL2R,URADR
IL2R,URBR
IL2R,URXR
IL2R,URYVL
IL2R,VA6
IL2R,VC1
IL2R,VD11
IL2R,VD12
IL2R,VD5
IL2R,VD6
IL2R,VD7
IL2R,VD8
IL2VL,M2L
IL2VL,M2R
IL2VL,M3R
IL2VL,MCL
IL2VL,OLQDR
IL2VL,OLQVR
IL2VL,PDEL
IL2VL,PDER
IL2VL,PHAL
IL2VL,PHAR
IL2VL,PHBR
IL2VL,PHCR
IL2VL,PQR
IL2VL,PVCR
IL2VL,PVM
IL2VL,RIAR
IL2VL,RIGL
IL2VL,RIML
IL2VL,RIMR
IL2VL,RMDDL
IL2VL,RMDVR
IL2VL,RMFR
IL2VL,SAADL
IL2VL,SABVL
IL2VL,SABVR
IL2VL,URAVL
IL2VL,URAVR
IL2VL,URXL
IL2VL,VA4
IL2VL,VB11
IL2VL,VC3
IL2VL,VD1
IL2VL,VD12
IL2VL,VD2
IL2VR,M3R
IL2VR,MCR
IL2VR,NSML
IL2VR,OLQDL
IL2VR,PHAL
IL2VR,PHCL
IL2VR,PVCR
IL2VR,PVQL
IL2VR,RIML
IL2VR,RIS
IL2VR,RMDL
IL2VR,RMEL
IL2VR,RMER
IL2VR,RMEV
IL2VR,RMGL
IL2VR,RMGR
IL2VR,SAADR
IL2VR,SAAVL
IL2VR,SAAVR
IL2VR,URAVR
IL2VR,URXL
IL2VR,URXR
IL2VR,VA9
IL2VR,VC1
IL2VR,VD1
IL2VR,VD4
LUAL,LUAR
LUAL,M2R
LUAL,M3L
LUAL,M4
LUAL,MCL
LUAL,MCR
LUAL,NSMR
LUAL,PDER
LUAL,PHAL
LUAL,PHAR
LUAL,PHBL
LUAL,PHBR
LUAL,PVPR
LUAL,PVQR
LUAL,RIGR
LUAL,RIML
LUAL,RIR
LUAL,RMED
LUAL,RMGR
LUAL,SABVR
LUAL,SIADR
LUAL,SIAVL
LUAL,URADR
LUAL,URAVL
LUAL,URAVR
LUAL,URXR
LUAL,URYVL
LUAL,VB5
LUAL,VB6
LUAL,VC6
LUAL,VD11
LUAR,M3L
LUAR,M3R
LUAR,MCR
LUAR,NSML
LUAR,NSMR
LUAR,OLQDL
LUAR,PDER
LUAR,PHAR
LUAR,PHBL
LUAR,PQR
LUAR,PVCL
LUAR,PVPR
LUAR,PVQL
LUAR,RIBL
LUAR,RIML
LUAR,RIMR
LUAR,RIVL
LUAR,RMER
LUAR,RMEV
LUAR,SAADL
LUAR,SABD
LUAR,SDQR
LUAR,URXL
LUAR,VA11
LUAR,VB1
LUAR,VD3
LUAR,VD6
M1,M3R
M1,NSML
M1,OLLR
M1,RMDL
M1,SIADR
M1,URXR
M1,VD1
M2L,M2R
M2L,M3L
M2L,M3R
M2L,MCL
M2L,NSML
M2L,OLLR
M2L,OLQDR
M2L,OLQVR
M2L,PDEL
M2L,PDER
M2L,PHAL
M2L,PHBL
M2L,PHBR
M2L,PLML
M2L,PLNL
M2L,PQR
M2L,PVCL
M2L,PVCR
M2L,PVNL
M2L,PVNR
M2L,PVQR
M2L,PVR
M2L,PVT
M2L,PVWL
M2L,RIAL
M2L,RIBL
M2L,RIBR
M2L,RICL
M2L,RID
M2L,RIFR
M2L,RIGL
M2L,RIGR
M2L,RIML
M2L,RMDDL
M2L,RMDVR
M2L,RMED
M2L,RMEL
M2L,RMER
M2L,RMFR
M2L,RMGL
M2L,RMGR
M2L,SABVR
M2L,SIAVL
M2L,SIBVL
M2L,SMBDR
M2L,SMDDR
M2L,SMDVL
M2L,URADL
M2L,URAVL
M2L,URAVR
M2L,URBR
M2L,URXL
M2L,URXR
M2L,URYDL
M2L,VC1
M2L,VD11
M2L,VD2
M2L,VD5
M2L,VD8
M2R,M3L
M2R,M3R
M2R,MCL
M2R,NSML
M2R,OLLL
M2R,OLQDR
M2R,OLQVR
M2R,PDEL
M2R,PDER
M2R,PHAR
M2R,PHBL
M2R,PHBR
M2R,PLML
M2R,PLMR
M2R,PQR
M2R,PVM
M2R,PVQL
M2R,PVQR
M2R,PVR
M2R,PVT
M2R,RIAL
M2R,RIAR
M2R,RID
M2R,RIGR
M2R,RIH
M2R,RIML
M2R,RIMR
M2R,RIVL
M2R,RMDR
M2R,RMED
M2R,RMEL
M2R,RMEV
M2R,SAADL
M2R,SABVR
M2R,SIADR
M2R,SIAVR
M2R,SMBDL
M2R,SMBDR
M2R,URADL
M2R,URXL
M2R,URXR
M2R,URYDL
M2R,URYDR
M2R,URYVR
M2R,VB10
M2R,VB6
M2R,VB8
M2R,VC3
M2R,VD11
M2R,VD3
M2R,VD6
M3L,M3R
M3L,M4
M3L,MI
M3L,NSML
M3L,NSMR
M3L,OLQDR
M3L,PDB
M3L,PDEL
M3L,PDER
M3L,PHAL
M3L,PHBR
M3L,PLMR
M3L,PQR
M3L,PVCR
M3L,PVDL
M3L,PVDR
M3L,PVNL
M3L,PVPR
M3L,PVQR
M3L,PVT
M3L,PVWL
M3L,PVWR
M3L,RIAR
M3L,RIBL
M3L,RIBR
M3L,RICL
M3L,RICR
M3L,RID
M3L,RIFR
M3L,RIML
M3L,RIS
M3L,RIVL
M3L,RIVR
M3L,RMDDL
M3L,RMED
M3L,RMEL
M3L,RMER
M3L,RMGL
M3L,RMGR
M3L,SAADR
M3L,SDQL
M3L,SMDDR
M3L,URADR
M3L,URAVR
M3L,URXL
M3L,URXR
M3L,URYDL
M3L,VA10
M3L,VA12
M3L,VA5
M3L,VD10
M3L,VD11
M3L,VD5
M3L,VD6
M3R,M4
M3R,MCL
M3R,MCR
M3R,NSML
M3R,NSMR
M3R,OLQDL
M3R,OLQDR
M3R,OLQVL
M3R,PDER
M3R,PHAL
M3R,PHAR
M3R,PHBR
M3R,PLML
M3R,PQR
M3R,PVCL
M3R,PVCR
M3R,PVDL
M3R,PVM
M3R,PVQL
M3R,PVQR
M3R,PVT
M3R,PVWL
M3R,PVWR
M3R,RIAL
M3R,RIFL
M3R,RIML
M3R,RIMR
M3R,RIS
M3R,RIVL
M3R,RIVR
M3R,RMDDR
M3R,RMED
M3R,RMEV
M3R,RMGL
M3R,RMGR
M3R,SAADL
M3R,SAAVR
M3R,SABD
M3R,SABVL
M3R,SIAVR
M3R,SMBDL
M3R,SMBDR
M3R,URADR
M3R,URAVR
M3R,URBR
M3R,URXR
M3R,URYDR
M3R,URYVL
M3R,VA12
M3R,VA6
M3R,VB6
M3R,VC2
M3R,VC3
M3R,VD1
M3R,VD11
M3R,VD12
M3R,VD2
M3R,VD7
M4,MCL
M4,NSML
M4,NSMR
M4,OLQVL
M4,OLQVR
M4,PHAR
M4,PHBL
M4,PHBR
M4,PQR
M4,PVDL
M4,PVDR
M4,PVPR
M4,PVQL
M4,PVQR
M4,PVWL
M4,RIAR
M4,RIBR
M4,RICR
M4,RIFL
M4,RIFR
M4,RIGR
M4,RIH
M4,RIML
M4,RIMR
M4,RIS
M4,RMDDL
M4,RMER
M4,RMGR
M4,SAADL
M4,SAAVR
M4,SABD
M4,SDQL
M4,SIADR
M4,SIAVL
M4,SIAVR
M4,URAVR
M4,URXR
M4,URYDL
M4,VA12
M4,VA8
M4,VC2
M4,VD11
M4,VD12
M4,VD2
M4,VD3
M4,VD5
M4,VD6
M4,VD7
M5,NSMR
M5,OLQDL
M5,OLQVR
M5,PDER
M5,PHAR
M5,PHBL
M5,PLML
M5,PVNL
M5,PVWL
M5,RICL
M5,RIMR
M5,RIPL
M5,RMED
M5,RMEL
M5,RMGL
M5,RMGR
M5,URADR
M5,URXL
M5,URYDR
M5,URYVL
M5,URYVR
M5,VA4
M5,VD1
M5,VD11
M5,VD13
M5,VD9
MCL,MCR
MCL,NSML
MCL,NSMR
MCL,OLQDL
MCL,PDEL
MCL,PDER
MCL,PHAL
MCL,PHAR
MCL,PHBL
MCL,PHBR
MCL,PLMR
MCL,PQR
MCL,PVCL
MCL,PVM
MCL,PVPR
MCL,PVQR
MCL,PVWL
MCL,PVWR
MCL,RIAL
MCL,RIAR
MCL,RID
MCL,RIFR
MCL,RIGL
MCL,RIGR
MCL,RIML
MCL,RIPL
MCL,RIVL
MCL,RMDDR
MCL,RMEL
MCL,RMEV
MCL,RMGR
MCL,RMHR
MCL,SAADR
MCL,SAAVR
MCL,SABVL
MCL,SABVR
MCL,SIADL
MCL,SIADR
MCL,SIAVL
MCL,SIAVR
MCL,SMDDL
MCL,URAVL
MCL,URAVR
MCL,URXR
MCL,URYVL
MCL,VA2
MCL,VD10
MCL,VD6
MCL,VD8
MCR,NSMR
MCR,OLLL
MCR,OLLR
MCR,OLQDL
MCR,OLQDR
MCR,PDER
MCR,PHAL
MCR,PHAR
MCR,PHBL
MCR,PHBR
MCR,PLMR
MCR,PVCR
MCR,PVQR
MCR,PVT
MCR,PVWR
MCR,RIBL
MCR,RICL
MCR,RICR
MCR,RIFL
MCR,RIGL
MCR,RIGR
MCR,RIML
MCR,RIMR
MCR,RIPL
MCR,RIS
MCR,RIVR
MCR,RMDDL
MCR,RMDDR
MCR,RMDL
MCR,RMED
MCR,RMEL
MCR,RMER
MCR,RMEV
MCR,RMGL
MCR,RMGR
MCR,SAADL
MCR,SAADR
MCR,SDQL
MCR,SIAVL
MCR,SIBDR
MCR,SMBDL
MCR,URADL
MCR,URAVL
MCR,URXL
MCR,URXR
MCR,URYDL
MCR,URYVR
MCR,VD12
MCR,VD4
MCR,VD7
MI,PDER
MI,PHBL
MI,PVWL
MI,RIGL
MI,RIML
MI,VD13
NSML,NSMR
NSML,OLQDL
NSML,OLQVL
NSML,PDER
NSML,PHAL
NSML,PHAR
NSML,PHBL
NSML,PHBR
NSML,PLMR
NSML,PLNR
NSML,PQR
NSML,PVCL
NSML,PVCR
NSML,PVDL
NSML,PVDR
NSML,PVM
NSML,PVQL
NSML,PVT
NSML,RIAR
NSML,RIBR
NSML,RID
NSML,RIFL
NSML,RIH
NSML,RIML
NSML,RIMR
NSML,RIPL
NSML,RIS
NSML,RMER
NSML,RMEV
NSML,RMFL
NSML,RMGL
NSML,RMGR
NSML,SAAVL
NSML,SABVL
NSML,SDQL
NSML,SIADR
NSML,SIBVL
NSML,URADL
NSML,URAVL
NSML,URAVR
NSML,URXR
NSML,URYDR
NSML,URYVR
NSML,VB1
NSML,VB2
NSML,VB6
NSML,VC2
NSML,VC4
NSML,VD1
NSML,VD2
NSML,VD4
NSML,VD7
NSML,VD9
NSMR,OLLL
NSMR,OLQDL
NSMR,OLQDR
NSMR,OLQVR
NSMR,PDEL
NSMR,PDER
NSMR,PHAL
NSMR,PHAR
NSMR,PHBL
NSMR,PHBR
NSMR,PLML
NSMR,PQR
NSMR,PVCL
NSMR,PVCR
NSMR,PVM
NSMR,PVNL
NSMR,PVQL
NSMR,PVR
NSMR,PVT
NSMR,PVWL
NSMR,PVWR
NSMR,RICL
NSMR,RID
NSMR,RIGR
NSMR,RIML
NSMR,RIMR
NSMR,RIPR
NSMR,RMDDL
NSMR,RMDVR
NSMR,RMEL
NSMR,RMER
NSMR,RMEV
NSMR,RMGL
NSMR,SAADL
NSMR,SABD
NSMR,SABVL
NSMR,SMDVL
NSMR,URADL
NSMR,URADR
NSMR,URAVL
NSMR,URXL
NSMR,URXR
NSMR,URYDL
NSMR,URYVL
NSMR,VA1
NSMR,VA6
NSMR,VA8
NSMR,VB1
NSMR,VB4
NSMR,VC1
NSMR,VC3
NSMR,VD12
NSMR,VD13
NSMR,VD3
OLLL,PDEL
OLLL,PDER
OLLL,PHAL
OLLL,PHAR
OLLL,PHBR
OLLL,PHCR
OLLL,PQR
OLLL,PVCL
OLLL,PVCR
OLLL,PVQL
OLLL,PVT
OLLL,PVWR
OLLL,RICR
OLLL,RIGR
OLLL,RIML
OLLL,RIR
OLLL,RIS
OLLL,RIVL
OLLL,RMED
OLLL,RMGL
OLLL,SIADL
OLLL,SIADR
OLLL,SIAVR
OLLL,URAVL
OLLL,VC2
OLLL,VD11
OLLL,VD4
OLLL,VD6
OLLL,VD7
OLLR,OLQVL
OLLR,PHAL
OLLR,PHAR
OLLR,PHBR
OLLR,PQR
OLLR,PVCR
OLLR,PVNR
OLLR,PVQR
OLLR,PVR
OLLR,RIAR
OLLR,RICR
OLLR,RIFR
OLLR,RIGL
OLLR,RIML
OLLR,RIMR
OLLR,RIS
OLLR,RMER
OLLR,RMEV
OLLR,RMGL
OLLR,RMGR
OLLR,SAADR
OLLR,SAAVR
OLLR,SABVR
OLLR,SDQL
OLLR,SIADL
OLLR,SIAVL
OLLR,URXR
OLLR,URYVL
OLLR,VA12
OLLR,VD10
OLLR,VD2
OLLR,VD8
OLLR,VD9
OLQDL,OLQVR
OLQDL,PDEL
OLQDL,PDER
OLQDL,PHAL
OLQDL,PHAR
OLQDL,PLML
OLQDL,PVCR
OLQDL,PVDR
OLQDL,PVM
OLQDL,PVNL
OLQDL,PVNR
OLQDL,PVQL
OLQDL,PVQR
OLQDL,PVWR
OLQDL,RICL
OLQDL,RIFR
OLQDL,RIGL
OLQDL,RIPR
OLQDL,RIVR
OLQDL,RMED
OLQDL,RMER
OLQDL,RMGL
OLQDL,SAAVL
OLQDL,SABVL
OLQDL,SABVR
OLQDL,SDQL
OLQDL,SDQR
OLQDL,SIADL
OLQDL,SIADR
OLQDL,URADL
OLQDL,URADR
OLQDL,URAVL
OLQDL,URXL
OLQDL,VA3
OLQDL,VA6
OLQDL,VB10
OLQDL,VC3
OLQDL,VD1
OLQDL,VD11
OLQDL,VD13
OLQDL,VD5
OLQDL,VD6
OLQDL,VD9
OLQDR,OLQVL
OLQDR,PDEL
OLQDR,PDER
OLQDR,PHAR
OLQDR,PHBL
OLQDR,PHBR
OLQDR,PQR
OLQDR,PVCL
OLQDR,PVCR
OLQDR,PVM
OLQDR,PVNR
OLQDR,PVQR
OLQDR,PVWR
OLQDR,RIAR
OLQDR,RICR
OLQDR,RIGL
OLQDR,RIGR
OLQDR,RIML
OLQDR,RIMR
OLQDR,RIS
OLQDR,RMED
OLQDR,RMEL
OLQDR,RMGL
OLQDR,SABD
OLQDR,SABVR
OLQDR,SMBDL
OLQDR,SMBDR
OLQDR,URADR
OLQDR,URAVL
OLQDR,URAVR
OLQDR,URXR
OLQDR,URYVR
OLQDR,VA8
OLQDR,VB3
OLQDR,VD1
OLQDR,VD11
OLQDR,VD2
OLQDR,VD4
OLQDR,VD9
OLQVL,PDEL
OLQVL,PDER
OLQVL,PHAR
OLQVL,PHBL
OLQVL,PLML
OLQVL,PLMR
OLQVL,PQR
OLQVL,PVCR
OLQVL,PVDR
OLQVL,PVNR
OLQVL,PVQR
OLQVL,PVT
OLQVL,RIAR
OLQVL,RICL
OLQVL,RICR
OLQVL,RID
OLQVL,RIFR
OLQVL,RIGR
OLQVL,RIML
OLQVL,RIMR
OLQVL,RIR
OLQVL,RIS
OLQVL,RIVR
OLQVL,RMDVL
OLQVL,RMEL
OLQVL,RMER
OLQVL,RMGL
OLQVL,RMGR
OLQVL,SAADL
OLQVL,SAADR
OLQVL,SABD
OLQVL,SABVL
OLQVL,SABVR
OLQVL,SIADR
OLQVL,SMBDL
OLQVL,URADR
OLQVL,URAVL
OLQVL,URXR
OLQVL,URYDR
OLQVL,VA9
OLQVL,VC1
OLQVL,VD1
OLQVL,VD12
OLQVL,VD13
OLQVL,VD5
OLQVL,VD6
OLQVR,PDEL
OLQVR,PDER
OLQVR,PHAR
OLQVR,PHBL
OLQVR,PHBR
OLQVR,PHCR
OLQVR,PVCR
OLQVR,PVNL
OLQVR,PVQL
OLQVR,PVQR
OLQVR,PVWL
OLQVR,PVWR
OLQVR,RIAL
OLQVR,RIAR
OLQVR,RIBL
OLQVR,RICL
OLQVR,RICR
OLQVR,RIFL
OLQVR,RIML
OLQVR,RIS
OLQVR,RMDDR
OLQVR,RMEL
OLQVR,RMER
OLQVR,RMEV
OLQVR,RMFL
OLQVR,RMGL
OLQVR,SAADL
OLQVR,SAAVL
OLQVR,SABD
OLQVR,SDQR
OLQVR,SIADL
OLQVR,URAVL
OLQVR,URAVR
OLQVR,URXL
OLQVR,VA2
OLQVR,VC1
OLQVR,VD1
OLQVR,VD11
OLQVR,VD12
OLQVR,VD13
OLQVR,VD3
OLQVR,VD4
OLQVR,VD8
OLQVR,VD9
PDA,PDER
PDA,PHAL
PDA,RIML
PDA,RIMR
PDA,RMGR
PDA,VD5
PDA,VD8
PDB,PVR
PDB,VB9
PDEL,PDER
PDEL,PHAL
PDEL,PHBL
PDEL,PQR
PDEL,PVCR
PDEL,PVDR
PDEL,PVM
PDEL,PVNL
PDEL,PVNR
PDEL,PVPL
PDEL,PVPR
PDEL,PVQR
PDEL,PVR
PDEL,PVT
PDEL,PVWL
PDEL,PVWR
PDEL,RIAL
PDEL,RIAR
PDEL,RIBL
PDEL,RIBR
PDEL,RICR
PDEL,RID
PDEL,RIFL
PDEL,RIFR
PDEL,RIGL
PDEL,RIGR
PDEL,RIML
PDEL,RIMR
PDEL,RIR
PDEL,RIS
PDEL,RIVL
PDEL,RMDL
PDEL,RMER
PDEL,RMGL
PDEL,RMGR
PDEL,SAADL
PDEL,SAAVL
PDEL,SDQL
PDEL,SDQR
PDEL,SIADL
PDEL,SIADR
PDEL,SIBVL
PDEL,SMBDL
PDEL,SMBDR
PDEL,URADL
PDEL,URADR
PDEL,URAVL
PDEL,URAVR
PDEL,URXL
PDEL,URXR
PDEL,URYDL
PDEL,URYDR
PDEL,URYVR
PDEL,VA1
PDEL,VA7
PDEL,VA8
PDEL,VB1
PDEL,VB11
PDEL,VB5
PDEL,VB8
PDEL,VB9
PDEL,VC2
PDEL,VC3
PDEL,VC4
PDEL,VD10
PDEL,VD11
PDEL,VD12
PDEL,VD13
PDEL,VD3
PDEL,VD5
PDEL,VD6
PDEL,VD7
PDEL,VD8
PDER,PHAL
PDER,PHAR
PDER,PHBL
PDER,PHBR
PDER,PLML
PDER,PQR
PDER,PVCL
PDER,PVCR
PDER,PVDR
PDER,PVM
PDER,PVNL
PDER,PVPL
PDER,PVPR
PDER,PVQL
PDER,PVQR
PDER,PVT
PDER,PVWL
PDER,RIAL
PDER,RIAR
PDER,RIBL
PDER,RIBR
PDER,RICR
PDER,RID
PDER,RIGR
PDER,RIML
PDER,RIMR
PDER,RIPR
PDER,RIS
PDER,RMEL
PDER,RMER
PDER,RMEV
PDER,RMFL
PDER,RMGL
PDER,RMGR
PDER,SAADL
PDER,SAAVL
PDER,SDQL
PDER,SDQR
PDER,SIADR
PDER,SIBDR
PDER,SIBVR
PDER,SMBDL
PDER,SMBDR
PDER,SMBVR
PDER,URADL
PDER,URADR
PDER,URAVL
PDER,URXL
PDER,URXR
PDER,URYDL
PDER,URYDR
PDER,URYVR
PDER,VA10
PDER,VA11
PDER,VA5
PDER,VA7
PDER,VA8
PDER,VA9
PDER,VB4
PDER,VD10
PDER,VD11
PDER,VD12
PDER,VD13
PDER,VD2
PDER,VD6
PDER,VD7
PDER,VD8
PHAL,PHAL
PHAL,PHBL
PHAL,PHBR
PHAL,PLML
PHAL,PLMR
PHAL,PQR
PHAL,PVCL
PHAL,PVDL
PHAL,PVM
PHAL,PVPL
PHAL,PVPR
PHAL,PVQL
PHAL,PVQR
PHAL,PVWR
PHAL,RIAL
PHAL,RIBL
PHAL,RIBR
PHAL,RICL
PHAL,RICR
PHAL,RID
PHAL,RIFL
PHAL,RIGL
PHAL,RIGR
PHAL,RIH
PHAL,RIML
PHAL,RIMR
PHAL,RIPL
PHAL,RIS
PHAL,RMDVL
PHAL,RMDVR
PHAL,RMEL
PHAL,RMER
PHAL,RMGL
PHAL,RMGR
PHAL,RMHL
PHAL,SAADL
PHAL,SAADR
PHAL,SAAVR
PHAL,SABVR
PHAL,SDQR
PHAL,SIADL
PHAL,SIAVL
PHAL,SIAVR
PHAL,SMBDL
PHAL,SMDDL
PHAL,SMDVL
PHAL,URADL
PHAL,URADR
PHAL,URXL
PHAL,URXR
PHAL,URYDL
PHAL,URYDR
PHAL,URYVL
PHAL,URYVR
PHAL,VA9
PHAL,VB11
PHAL,VB2
PHAL,VB6
PHAL,VC1
PHAL,VC4
PHAL,VD1
PHAL,VD10
PHAL,VD11
PHAL,VD12
PHAL,VD13
PHAL,VD2
PHAL,VD3
PHAL,VD4
PHAL,VD5
PHAL,VD6
PHAL,VD7
PHAL,VD8
PHAL,VD9
PHAR,PHAR
PHAR,PHBL
PHAR,PHBR
PHAR,PHCR
PHAR,PLML
PHAR,PQR
PHAR,PVCL
PHAR,PVCR
PHAR,PVM
PHAR,PVNR
PHAR,PVPL
PHAR,PVPR
PHAR,PVQL
PHAR,PVQR
PHAR,PVR
PHAR,PVWL
PHAR,PVWR
PHAR,RIAL
PHAR,RIBL
PHAR,RICR
PHAR,RID
PHAR,RIGR
PHAR,RIML
PHAR,RIMR
PHAR,RIPL
PHAR,RIVL
PHAR,RIVR
PHAR,RMDDR
PHAR,RMDVL
PHAR,RMEL
PHAR,RMER
PHAR,RMEV
PHAR,RMGL
PHAR,RMGR
PHAR,SAADR
PHAR,SAAVR
PHAR,SABVL
PHAR,SDQL
PHAR,SDQR
PHAR,SIAVL
PHAR,SIAVR
PHAR,SIBDL
PHAR,SIBVR
PHAR,SMBDR
PHAR,SMDVR
PHAR,URADL
PHAR,URADR
PHAR,URAVR
PHAR,URXL
PHAR,URXR
PHAR,URYDR
PHAR,URYVR
PHAR,VA2
PHAR,VA4
PHAR,VA5
PHAR,VA7
PHAR,VB3
PHAR,VB7
PHAR,VB8
PHAR,VC1
PHAR,VC2
PHAR,VD1
PHAR,VD10
PHAR,VD13
PHAR,VD2
PHAR,VD3
PHAR,VD4
PHAR,VD5
PHAR,VD6
PHAR,VD8
PHAR,VD9
PHBL,PHBR
PHBL,PLMR
PHBL,PVCL
PHBL,PVDR
PHBL,PVPL
PHBL,PVPR
PHBL,PVQL
PHBL,PVQR
PHBL,PVWL
PHBL,RIBL
PHBL,RICR
PHBL,RID
PHBL,RIFR
PHBL,RIGL
PHBL,RIGR
PHBL,RIML
PHBL,RIMR
PHBL,RIS
PHBL,RIVR
PHBL,RMDDL
PHBL,RMED
PHBL,RMEL
PHBL,RMGR
PHBL,SABD
PHBL,SDQL
PHBL,SDQR
PHBL,SIAVL
PHBL,SIAVR
PHBL,SIBDL
PHBL,SMBDL
PHBL,URAVL
PHBL,URBL
PHBL,URXR
PHBL,URYDL
PHBL,URYDR
PHBL,URYVL
PHBL,VA12
PHBL,VA6
PHBL,VA8
PHBL,VB1
PHBL,VC1
PHBL,VD13
PHBL,VD2
PHBL,VD5
PHBL,VD7
PHBL,VD8
PHBL,VD9
PHBR,PLMR
PHBR,PQR
PHBR,PVCL
PHBR,PVCR
PHBR,PVM
PHBR,PVNR
PHBR,PVPL
PHBR,PVPR
PHBR,PVQL
PHBR,PVQR
PHBR,PVR
PHBR,PVWL
PHBR,PVWR
PHBR,RIAR
PHBR,RIBL
PHBR,RID
PHBR,RIFR
PHBR,RIGL
PHBR,RIH
PHBR,RIML
PHBR,RIMR
PHBR,RMDDL
PHBR,RMDVR
PHBR,RMED
PHBR,RMER
PHBR,RMEV
PHBR,RMFL
PHBR,RMGL
PHBR,RMGR
PHBR,SAADL
PHBR,SAADR
PHBR,SAAVL
PHBR,SAAVR
PHBR,SABVL
PHBR,SIAVR
PHBR,SMBDR
PHBR,SMDDL
PHBR,URADL
PHBR,URAVR
PHBR,URBL
PHBR,URYVL
PHBR,VA12
PHBR,VA3
PHBR,VD1
PHBR,VD10
PHBR,VD2
PHBR,VD3
PHBR,VD4
PHBR,VD5
PHBR,VD6
PHBR,VD7
PHBR,VD8
PHCL,PVQL
PHCL,PVR
PHCL,RICL
PHCL,RIMR
PHCL,RMGR
PHCL,SDQR
PHCL,URADR
PHCL,URXL
PHCL,URYVR
PHCL,VA8
PHCR,SIADL
PHCR,SIADR
PHCR,SMBDR
PHCR,URXR
PLML,PQR
PLML,PVPL
PLML,PVQR
PLML,PVR
PLML,PVWL
PLML,RICR
PLML,RIGR
PLML,RIMR
PLML,RIVL
PLML,RMDVR
PLML,RMED
PLML,RMER
PLML,RMGR
PLML,SAADR
PLML,SIADR
PLML,SIAVL
PLML,SIBDR
PLML,URADR
PLML,URAVR
PLML,URXL
PLML,VA7
PLML,VB1
PLML,VD11
PLML,VD13
PLML,VD4
PLMR,PQR
PLMR,PVCR
PLMR,PVDR
PLMR,PVQR
PLMR,RIGL
PLMR,RIML
PLMR,RIMR
PLMR,RIVL
PLMR,RIVR
PLMR,RMEL
PLMR,RMEV
PLMR,RMGR
PLMR,URADR
PLMR,URXR
PLMR,URYDR
PLMR,VA1
PLMR,VA8
PLMR,VC4
PLMR,VC6
PLMR,VD13
PLMR,VD3
PLNL,PVDR
PLNL,RIVR
PLNL,RMDL
PLNL,VD10
PLNR,RIML
PLNR,RIMR
PLNR,RMGL
PLNR,URXR
PLNR,VA11
PLNR,VD7
PQR,PVCL
PQR,PVCR
PQR,PVM
PQR,PVPL
PQR,PVPR
PQR,PVQL
PQR,PVQR
PQR,PVR
PQR,PVT
PQR,PVWR
PQR,RIAL
PQR,RIAR
PQR,RIBL
PQR,RIBR
PQR,RICL
PQR,RID
PQR,RIFL
PQR,RIFR
PQR,RIGL
PQR,RIGR
PQR,RIML
PQR,RIMR
PQR,RIVR
PQR,RMED
PQR,RMEL
PQR,RMER
PQR,RMGL
PQR,RMGR
PQR,RMHR
PQR,SAADR
PQR,SAAVL
PQR,SAAVR
PQR,SABVR
PQR,SDQR
PQR,SIADL
PQR,SIADR
PQR,SIAVL
PQR,SIAVR
PQR,SIBDR
PQR,SIBVR
PQR,SMBDL
PQR,SMBDR
PQR,SMBVL
PQR,SMDDR
PQR,URADL
PQR,URADR
PQR,URAVL
PQR,URAVR
PQR,URXL
PQR,URXR
PQR,URYDR
PQR,URYVL
PQR,VA2
PQR,VA3
PQR,VA7
PQR,VA9
PQR,VB5
PQR,VB7
PQR,VC2
PQR,VC3
PQR,VC4
PQR,VD1
PQR,VD12
PQR,VD2
PQR,VD3
PQR,VD4
PQR,VD5
PQR,VD6
PQR,VD8
PQR,VD9
PVCL,PVNR
PVCL,PVPR
PVCL,PVQL
PVCL,PVQR
PVCL,PVWL
PVCL,RIAR
PVCL,RICL
PVCL,RICR
PVCL,RID
PVCL,RIFL
PVCL,RIGL
PVCL,RIMR
PVCL,RIVR
PVCL,RMDDR
PVCL,RMED
PVCL,RMEL
PVCL,RMER
PVCL,RMEV
PVCL,RMGL
PVCL,SAADL
PVCL,URADL
PVCL,URAVL
PVCL,URXL
PVCL,URXR
PVCL,URYVL
PVCL,URYVR
PVCL,VA3
PVCL,VB7
PVCL,VC2
PVCL,VD1
PVCL,VD11
PVCL,VD12
PVCL,VD7
PVCL,VD8
PVCR,PVDL
PVCR,PVM
PVCR,PVNR
PVCR,PVQR
PVCR,PVR
PVCR,RICL
PVCR,RIMR
PVCR,RIS
PVCR,RIVL
PVCR,RMDDL
PVCR,RMEL
PVCR,RMEV
PVCR,RMGR
PVCR,RMHR
PVCR,SAAVR
PVCR,SIAVR
PVCR,URAVR
PVCR,URXL
PVCR,URYDL
PVCR,VA4
PVCR,VA6
PVCR,VA8
PVCR,VB2
PVCR,VD10
PVCR,VD5
PVCR,VD6
PVCR,VD7
PVDL,PVM
PVDL,PVPL
PVDL,PVQL
PVDL,PVT
PVDL,RIFR
PVDL,RIGR
PVDL,RIML
PVDL,RIMR
PVDL,RMGL
PVDL,URAVR
PVDL,URBL
PVDL,URXL
PVDL,URXR
PVDL,URYDL
PVDL,VA4
PVDL,VB9
PVDL,VD13
PVDL,VD2
PVDL,VD3
PVDR,PVQR
PVDR,RICR
PVDR,RIGL
PVDR,RIGR
PVDR,RIML
PVDR,RIMR
PVDR,RMED
PVDR,RMEV
PVDR,SAADR
PVDR,SAAVL
PVDR,SIADR
PVDR,SMBDR
PVDR,URAVR
PVDR,URYVL
PVDR,VC5
PVDR,VD11
PVDR,VD4
PVDR,VD7
PVDR,VD8
PVM,PVQL
PVM,PVWL
PVM,RIAR
PVM,RICL
PVM,RICR
PVM,RIFR
PVM,RIGL
PVM,RIMR
PVM,RIVR
PVM,RMED
PVM,RMGL
PVM,RMHR
PVM,SAADR
PVM,SDQR
PVM,SIAVL
PVM,URADL
PVM,URAVR
PVM,URXR
PVM,URYVL
PVM,VB8
PVM,VC6
PVM,VD12
PVM,VD4
PVNL,PVQL
PVNL,RIFL
PVNL,RIML
PVNL,RIMR
PVNL,RIVL
PVNL,RIVR
PVNL,RMDR
PVNL,RMER
PVNL,RMGL
PVNL,SAADL
PVNL,SMBDR
PVNL,URADL
PVNL,URADR
PVNL,URAVR
PVNL,URYVR
PVNL,VD4
PVNL,VD6
PVNR,PVPL
PVNR,PVPR
PVNR,PVT
PVNR,RIAL
PVNR,RICR
PVNR,RIFL
PVNR,RIGR
PVNR,RIH
PVNR,RIML
PVNR,RMED
PVNR,RMEV
PVNR,RMGL
PVNR,SAADR
PVNR,SAAVR
PVNR,SIADL
PVNR,SMBDL
PVNR,SMBDR
PVNR,SMDVL
PVNR,URAVR
PVNR,URXL
PVNR,URXR
PVNR,VC6
PVNR,VD1
PVNR,VD12
PVNR,VD3
PVNR,VD4
PVNR,VD7
PVNR,VD9
PVPL,PVQR
PVPL,RIBR
PVPL,RIML
PVPL,RIMR
PVPL,RIPL
PVPL,RIPR
PVPL,RIVR
PVPL,RMDDL
PVPL,RMGR
PVPL,SAADL
PVPL,SAADR
PVPL,SMBDR
PVPL,URADL
PVPL,URAVL
PVPL,URAVR
PVPL,URXL
PVPL,URXR
PVPL,URYDR
PVPL,URYVR
PVPL,VC1
PVPL,VC5
PVPL,VD1
PVPL,VD3
PVPL,VD5
PVPR,PVQR
PVPR,PVR
PVPR,PVWR
PVPR,RIAR
PVPR,RICR
PVPR,RID
PVPR,RIFL
PVPR,RIGL
PVPR,RIML
PVPR,RIMR
PVPR,RIR
PVPR,RMDR
PVPR,RMEL
PVPR,RMER
PVPR,RMEV
PVPR,RMGL
PVPR,RMGR
PVPR,SAAVL
PVPR,URBL
PVPR,URXR
PVPR,URYDR
PVPR,VA3
PVPR,VD1
PVPR,VD5
PVQL,PVQR
PVQL,PVR
PVQL,RIAL
PVQL,RIAR
PVQL,RICR
PVQL,RIFR
PVQL,RIGL
PVQL,RIML
PVQL,RIMR
PVQL,RIS
PVQL,RIVL
PVQL,RIVR
PVQL,RMDL
PVQL,RMER
PVQL,RMGL
PVQL,RMGR
PVQL,SAADL
PVQL,SAADR
PVQL,SAAVL
PVQL,SAAVR
PVQL,SDQL
PVQL,SDQR
PVQL,SIADR
PVQL,SIAVL
PVQL,SIBVL
PVQL,SMDDL
PVQL,URADL
PVQL,URADR
PVQL,URBR
PVQL,URXL
PVQL,URYDR
PVQL,VC1
PVQL,VC3
PVQL,VD1
PVQL,VD10
PVQL,VD11
PVQL,VD2
PVQL,VD4
PVQL,VD5
PVQL,VD8
PVQL,VD9
PVQR,PVR
PVQR,PVT
PVQR,PVWL
PVQR,PVWR
PVQR,RIAR
PVQR,RIBR
PVQR,RICL
PVQR,RID
PVQR,RIFL
PVQR,RIGR
PVQR,RIML
PVQR,RIR
PVQR,RIS
PVQR,RIVL
PVQR,RMDR
PVQR,RMEL
PVQR,RMER
PVQR,RMEV
PVQR,RMGR
PVQR,SAADL
PVQR,SAADR
PVQR,SAAVL
PVQR,SIADL
PVQR,SIADR
PVQR,SIAVL
PVQR,SIAVR
PVQR,SMBDL
PVQR,SMBDR
PVQR,SMBVR
PVQR,URADL
PVQR,URADR
PVQR,URAVL
PVQR,URAVR
PVQR,URXR
PVQR,URYDR
PVQR,URYVL
PVQR,URYVR
PVQR,VA4
PVQR,VC3
PVQR,VC6
PVQR,VD1
PVQR,VD10
PVQR,VD12
PVQR,VD3
PVQR,VD9
PVR,PVWR
PVR,RIGL
PVR,RIML
PVR,RMEL
PVR,RMEV
PVR,SAAVR
PVR,SABD
PVR,SIAVR
PVR,SMDVL
PVR,URADL
PVR,URAVR
PVR,URYVR
PVR,VA10
PVR,VA12
PVR,VC2
PVR,VC3
PVR,VC4
PVR,VD4
PVR,VD5
PVT,RIFR
PVT,RIML
PVT,RIS
PVT,RMEL
PVT,RMER
PVT,RMEV
PVT,RMGL
PVT,SAADL
PVT,SABD
PVT,SDQL
PVT,SDQR
PVT,SIAVL
PVT,SIAVR
PVT,SIBDR
PVT,URADR
PVT,URAVR
PVT,URBR
PVT,URXL
PVT,URXR
PVT,URYDL
PVT,URYVL
PVT,VB10
PVT,VB5
PVT,VC4
PVT,VD10
PVT,VD13
PVT,VD2
PVT,VD6
PVT,VD7
PVT,VD9
PVWL,PVWR
PVWL,RIAR
PVWL,RICR
PVWL,RIFL
PVWL,RIFR
PVWL,RIGR
PVWL,RIML
PVWL,RIR
PVWL,RIS
PVWL,RIVL
PVWL,RMDVL
PVWL,RMED
PVWL,RMEL
PVWL,RMGL
PVWL,SABVL
PVWL,SIAVL
PVWL,SMBDL
PVWL,SMBDR
PVWL,SMDVL
PVWL,URAVR
PVWL,URYDL
PVWL,URYVR
PVWL,VA8
PVWL,VB8
PVWL,VC2
PVWL,VC3
PVWL,VC4
PVWL,VD10
PVWL,VD7
PVWR,RIAL
PVWR,RIAR
PVWR,RIBL
PVWR,RICR
PVWR,RID
PVWR,RIGL
PVWR,RIH
PVWR,RIML
PVWR,RIMR
PVWR,RIS
PVWR,RIVL
PVWR,RIVR
PVWR,SAAVL
PVWR,SABD
PVWR,SIADR
PVWR,SMBDR
PVWR,SMBVL
PVWR,URADR
PVWR,URXL
PVWR,URXR
PVWR,URYDR
PVWR,URYVL
PVWR,VA4
PVWR,VB5
PVWR,VC3
PVWR,VC6
PVWR,VD1
PVWR,VD10
PVWR,VD11
PVWR,VD2
PVWR,VD3
PVWR,VD4
PVWR,VD7
RIAL,RICR
RIAL,RIVL
RIAL,RIVR
RIAL,RMEL
RIAL,RMGR
RIAL,SAADL
RIAL,SAADR
RIAL,SDQR
RIAL,SMDDR
RIAL,URYDR
RIAL,URYVL
RIAL,VB7
RIAL,VB9
RIAL,VC2
RIAL,VD2
RIAL,VD3
RIAL,VD4
RIAL,VD5
RIAL,VD6
RIAL,VD7
RIAR,RIBL
RIAR,RIBR
RIAR,RIGR
RIAR,RIML
RIAR,RIMR
RIAR,RMDDR
RIAR,RMEL
RIAR,RMGL
RIAR,RMGR
RIAR,SAADR
RIAR,SIAVR
RIAR,SMDDL
RIAR,URAVR
RIAR,URXL
RIAR,URXR
RIAR,URYDL
RIAR,VA10
RIAR,VA11
RIAR,VA9
RIAR,VB11
RIAR,VC2
RIAR,VD1
RIAR,VD13
RIAR,VD8
RIBL,RICR
RIBL,RIFL
RIBL,RIGL
RIBL,RIML
RIBL,RIMR
RIBL,RMDDL
RIBL,SAADR
RIBL,SIADR
RIBL,URXR
RIBL,URYDL
RIBL,URYDR
RIBL,URYVL
RIBL,VB2
RIBL,VD3
RIBL,VD7
RIBR,RICL
RIBR,RIML
RIBR,RIMR
RIBR,RIVR
RIBR,RMGL
RIBR,SDQR
RIBR,URADL
RIBR,URXL
RIBR,URYDL
RIBR,VD13
RIBR,VD2
RIBR,VD6
RIBR,VD8
RICL,RICR
RICL,RID
RICL,RIFL
RICL,RIFR
RICL,RIML
RICL,RIMR
RICL,RIS
RICL,RIVL
RICL,RMDDR
RICL,RMDR
RICL,RMED
RICL,RMER
RICL,RMEV
RICL,RMFL
RICL,RMGL
RICL,RMGR
RICL,SAADR
RICL,SABVL
RICL,SABVR
RICL,SIAVL
RICL,SIBVR
RICL,SMBDR
RICL,SMDDL
RICL,SMDVL
RICL,URADR
RICL,URAVL
RICL,URAVR
RICL,URXL
RICL,URXR
RICL,URYDR
RICL,URYVR
RICL,VA5
RICL,VB4
RICL,VC5
RICL,VD10
RICL,VD13
RICL,VD3
RICL,VD5
RICL,VD9
RICR,RIGL
RICR,RIH
RICR,RIML
RICR,RIMR
RICR,RIVR
RICR,RMDL
RICR,RMEL
RICR,RMER
RICR,RMGL
RICR,RMGR
RICR,SAAVR
RICR,SDQL
RICR,SIAVR
RICR,SMBDR
RICR,SMDDL
RICR,URADL
RICR,URAVL
RICR,URXL
RICR,URXR
RICR,URYVR
RICR,VA2
RICR,VB5
RICR,VD13
RICR,VD2
RICR,VD4
RICR,VD6
RID,RIGL
RID,RIML
RID,RIMR
RID,RIR
RID,RIVL
RID,RMFR
RID,RMGL
RID,SAAVL
RID,SAAVR
RID,SDQR
RID,SIAVL
RID,SMBDL
RID,SMDDR
RID,URADL
RID,URADR
RID,URAVL
RID,URAVR
RID,URXL
RID,VA3
RID,VB8
RID,VC3
RID,VD13
RID,VD4
RID,VD5
RIFL,RIMR
RIFL,RMEV
RIFL,RMGL
RIFL,RMGR
RIFL,URADL
RIFL,URXR
RIFL,URYDR
RIFL,VA3
RIFL,VB4
RIFL,VD1
RIFL,VD12
RIFL,VD13
RIFL,VD2
RIFR,RIGL
RIFR,RIVL
RIFR,RIVR
RIFR,RMDVR
RIFR,RMEL
RIFR,RMGL
RIFR,SAAVR
RIFR,SDQL
RIFR,URADR
RIFR,URAVL
RIFR,URXR
RIFR,VD10
RIFR,VD2
RIFR,VD4
RIFR,VD8
RIFR,VD9
RIGL,RIGR
RIGL,RIML
RIGL,RIMR
RIGL,RIS
RIGL,RIVL
RIGL,RIVR
RIGL,RMDDL
RIGL,RMDR
RIGL,RMDVR
RIGL,RMED
RIGL,RMEL
RIGL,RMEV
RIGL,RMFL
RIGL,RMGL
RIGL,RMGR
RIGL,SAADL
RIGL,SAAVL
RIGL,SDQL
RIGL,SIAVL
RIGL,SIBDL
RIGL,SMDVR
RIGL,URADR
RIGL,URXL
RIGL,URXR
RIGL,URYDL
RIGL,URYVL
RIGL,VA11
RIGL,VA2
RIGL,VB10
RIGL,VB3
RIGL,VB7
RIGL,VB8
RIGL,VD1
RIGL,VD12
RIGL,VD3
RIGL,VD5
RIGL,VD6
RIGL,VD9
RIGR,RIML
RIGR,RIMR
RIGR,RIR
RIGR,RMDL
RIGR,RMED
RIGR,RMER
RIGR,RMFR
RIGR,SAAVR
RIGR,SABD
RIGR,SDQL
RIGR,SDQR
RIGR,SIAVL
RIGR,SIAVR
RIGR,SMBDL
RIGR,SMBDR
RIGR,URADL
RIGR,URADR
RIGR,URAVL
RIGR,URXR
RIGR,URYDR
RIGR,VA2
RIGR,VA7
RIGR,VB1
RIGR,VB10
RIGR,VB5
RIGR,VC2
RIGR,VC3
RIGR,VC4
RIGR,VC5
RIGR,VD1
RIGR,VD11
RIGR,VD12
RIGR,VD2
RIGR,VD6
RIGR,VD7
RIGR,VD9
RIH,RIMR
RIH,SAADL
RIH,SMDVR
RIH,URADL
RIH,URXR
RIML,RIMR
RIML,RIPL
RIML,RIVL
RIML,RIVR
RIML,RMDDL
RIML,RMDVL
RIML,RMDVR
RIML,RMED
RIML,RMER
RIML,RMEV
RIML,RMFL
RIML,RMFR
RIML,RMGL
RIML,RMGR
RIML,SAADR
RIML,SAAVL
RIML,SAAVR
RIML,SABD
RIML,SABVL
RIML,SABVR
RIML,SIADR
RIML,SIAVR
RIML,SIBVR
RIML,SMBDR
RIML,SMDDR
RIML,SMDVL
RIML,SMDVR
RIML,URADL
RIML,URADR
RIML,URAVL
RIML,URAVR
RIML,URBR
RIML,URXL
RIML,URXR
RIML,URYDL
RIML,URYDR
RIML,VA10
RIML,VA4
RIML,VB5
RIML,VB6
RIML,VB7
RIML,VB9
RIML,VC3
RIML,VC5
RIML,VC6
RIML,VD1
RIML,VD10
RIML,VD12
RIML,VD13
RIML,VD2
RIML,VD3
RIML,VD4
RIML,VD5
RIML,VD6
RIML,VD7
RIML,VD8
RIML,VD9
RIMR,RIS
RIMR,RMDDL
RIMR,RMDDR
RIMR,RMDVL
RIMR,RMED
RIMR,RMER
RIMR,RMEV
RIMR,RMGL
RIMR,RMGR
RIMR,SAADR
RIMR,SAAVL
RIMR,SAAVR
RIMR,SABD
RIMR,SABVR
RIMR,SDQL
RIMR,SIADL
RIMR,SIADR
RIMR,SIAVL
RIMR,SIBVL
RIMR,SIBVR
RIMR,SMBDL
RIMR,SMBDR
RIMR,SMDDR
RIMR,URADL
RIMR,URADR
RIMR,URAVL
RIMR,URAVR
RIMR,URXL
RIMR,URXR
RIMR,URYDL
RIMR,URYDR
RIMR,URYVR
RIMR,VA10
RIMR,VA12
RIMR,VA3
RIMR,VA6
RIMR,VA9
RIMR,VB11
RIMR,VB2
RIMR,VB3
RIMR,VB5
RIMR,VB8
RIMR,VC2
RIMR,VC3
RIMR,VC5
RIMR,VC6
RIMR,VD1
RIMR,VD10
RIMR,VD12
RIMR,VD13
RIMR,VD3
RIMR,VD4
RIMR,VD5
RIMR,VD8
RIPL,RMED
RIPL,URAVL
RIPL,VD2
RIPL,VD3
RIPR,RMGL
RIPR,SAADL
RIPR,SIADL
RIPR,URXR
RIPR,URYDR
RIPR,VC2
RIR,RIS
RIR,RMED
RIR,RMEV
RIR,RMGL
RIR,URXR
RIR,VD2
RIS,RMGL
RIS,RMGR
RIS,SABD
RIS,SABVR
RIS,SDQR
RIS,SIAVR
RIS,SMBDL
RIS,URADR
RIS,URXR
RIS,URYDR
RIS,VA2
RIS,VC5
RIS,VD11
RIS,VD4
RIS,VD5
RIS,VD6
RIS,VD8
RIVL,RMEL
RIVL,RMFR
RIVL,RMGL
RIVL,SDQR
RIVL,SIADR
RIVL,SIBVR
RIVL,URXL
RIVL,URXR
RIVL,URYDL
RIVL,URYVR
RIVL,VB8
RIVL,VC6
RIVL,VD1
RIVL,VD12
RIVL,VD4
RIVL,VD7
RIVR,RMDL
RIVR,RMDVR
RIVR,RMEV
RIVR,RMGR
RIVR,SAADL
RIVR,SIADL
RIVR,SIAVR
RIVR,SMBDL
RIVR,URADL
RIVR,URYDR
RIVR,VA10
RIVR,VB9
RIVR,VC1
RIVR,VD1
RIVR,VD3
RIVR,VD5
RIVR,VD6
RMDDL,RMGL
RMDDL,VA8
RMDDL,VD2
RMDDR,RMED
RMDDR,RMEV
RMDDR,SAADL
RMDDR,URAVL
RMDDR,URXL
RMDDR,VA4
RMDDR,VD10
RMDDR,VD5
RMDDR,VD8
RMDL,SAAVL
RMDL,URAVL
RMDL,URXL
RMDL,URYDL
RMDL,VA11
RMDL,VA7
RMDL,VC1
RMDL,VD9
RMDR,RMGR
RMDR,SABVR
RMDR,SIADR
RMDR,URXR
RMDR,VA12
RMDR,VD2
RMDR,VD8
RMDVL,RMGR
RMDVL,SIADL
RMDVL,URAVL
RMDVL,URXR
RMDVL,VD10
RMDVR,RMED
RMDVR,RMEL
RMDVR,RMGL
RMDVR,RMGR
RMDVR,SIADL
RMDVR,SIAVL
RMDVR,URADL
RMDVR,URYDL
RMDVR,URYVR
RMDVR,VD1
RMDVR,VD3
RMED,RMEL
RMED,RMER
RMED,RMGL
RMED,RMGR
RMED,SAADL
RMED,SAAVL
RMED,SAAVR
RMED,SABVR
RMED,SIADL
RMED,SMBDR
RMED,URADR
RMED,URAVL
RMED,URAVR
RMED,URXL
RMED,URXR
RMED,URYDL
RMED,VA2
RMED,VB7
RMED,VC3
RMED,VD13
RMED,VD2
RMED,VD3
RMED,VD6
RMED,VD7
RMEL,RMEV
RMEL,RMGL
RMEL,RMGR
RMEL,SAAVR
RMEL,SIAVR
RMEL,SMBDL
RMEL,URADL
RMEL,URAVL
RMEL,URAVR
RMEL,URXL
RMEL,URXR
RMEL,URYDL
RMEL,VA12
RMEL,VA5
RMEL,VA8
RMEL,VC5
RMEL,VD1
RMEL,VD10
RMEL,VD4
RMEL,VD5
RMEL,VD7
RMEL,VD9
RMER,RMEV
RMER,RMGL
RMER,RMGR
RMER,SAADL
RMER,SAADR
RMER,SAAVL
RMER,SABVL
RMER,SDQR
RMER,SMDVR
RMER,URAVL
RMER,URXL
RMER,URXR
RMER,VB7
RMER,VC1
RMER,VC5
RMER,VD10
RMER,VD2
RMER,VD3
RMER,VD4
RMER,VD5
RMER,VD6
RMEV,RMGL
RMEV,RMGR
RMEV,RMHR
RMEV,SAADR
RMEV,SAAVR
RMEV,SIAVL
RMEV,SIAVR
RMEV,SMBDL
RMEV,SMBDR
RMEV,SMDVL
RMEV,URAVR
RMEV,URXL
RMEV,URXR
RMEV,URYVR
RMEV,VA12
RMEV,VA4
RMEV,VA9
RMEV,VB10
RMEV,VB11
RMEV,VB8
RMEV,VC6
RMEV,VD10
RMEV,VD12
RMEV,VD4
RMEV,VD6
RMFL,SIAVL
RMFL,SIBVR
RMFL,URXR
RMFL,VD1
RMFR,URXR
RMFR,VD10
RMGL,RMGR
RMGL,SAADL
RMGL,SAAVR
RMGL,SDQL
RMGL,SIADL
RMGL,SIAVL
RMGL,SIBDR
RMGL,SMBDR
RMGL,SMBVR
RMGL,SMDDL
RMGL,SMDDR
RMGL,URADL
RMGL,URADR
RMGL,URAVR
RMGL,URXL
RMGL,URXR
RMGL,URYDR
RMGL,URYVL
RMGL,VA10
RMGL,VA11
RMGL,VA2
RMGL,VA4
RMGL,VA6
RMGL,VA8
RMGL,VB3
RMGL,VB4
RMGL,VC2
RMGL,VC3
RMGL,VC4
RMGL,VD1
RMGL,VD10
RMGL,VD12
RMGL,VD2
RMGL,VD3
RMGL,VD5
RMGL,VD6
RMGL,VD8
RMGL,VD9
RMGR,RMGR
RMGR,RMHL
RMGR,SAADL
RMGR,SAADR
RMGR,SAAVL
RMGR,SAAVR
RMGR,SDQL
RMGR,SDQR
RMGR,SIADL
RMGR,SIADR
RMGR,SIAVR
RMGR,SMBDR
RMGR,SMBVR
RMGR,URADL
RMGR,URADR
RMGR,URAVL
RMGR,URAVR
RMGR,URXL
RMGR,URXR
RMGR,URYDL
RMGR,VA1
RMGR,VA10
RMGR,VA12
RMGR,VA2
RMGR,VB10
RMGR,VB11
RMGR,VB3
RMGR,VC3
RMGR,VC4
RMGR,VC6
RMGR,VD10
RMGR,VD11
RMGR,VD12
RMGR,VD13
RMGR,VD2
RMGR,VD6
RMGR,VD8
RMGR,VD9
RMHL,SAAVL
RMHL,SMBVL
RMHL,URXL
RMHL,URXR
RMHL,VC6
RMHL,VD11
RMHR,SAADL
RMHR,SIBVR
SAADL,SABVL
SAADL,SDQL
SAADL,SDQR
SAADL,SIAVR
SAADL,URADL
SAADL,URYDL
SAADL,URYDR
SAADL,URYVR
SAADL,VA1
SAADL,VA5
SAADL,VB1
SAADL,VC5
SAADL,VD12
SAADL,VD13
SAADL,VD9
SAADR,SABVR
SAADR,SIADL
SAADR,SIAVL
SAADR,SIAVR
SAADR,SIBDR
SAADR,SMDVR
SAADR,URADL
SAADR,URADR
SAADR,URAVR
SAADR,URYVR
SAADR,VA3
SAADR,VA4
SAADR,VA7
SAADR,VA9
SAADR,VB1
SAADR,VC1
SAADR,VD1
SAADR,VD5
SAADR,VD6
SAADR,VD7
SAAVL,SMDDL
SAAVL,URADR
SAAVL,URYDR
SAAVL,VB1
SAAVL,VD1
SAAVL,VD5
SAAVR,SMDDL
SAAVR,URADR
SAAVR,URAVL
SAAVR,URAVR
SAAVR,URXR
SAAVR,VD1
SAAVR,VD12
SABD,URAVR
SABD,URXL
SABD,URXR
SABD,URYVR
SABD,VA3
SABD,VB9
SABD,VC1
SABD,VD2
SABD,VD5
SABD,VD8
SABVL,SIADL
SABVL,SIAVL
SABVL,URADL
SABVL,URXR
SABVL,URYVL
SABVL,VD2
SABVL,VD3
SABVL,VD9
SABVR,SMDDR
SABVR,URADL
SABVR,URAVL
SABVR,URYDL
SDQL,SMBDL
SDQL,URADR
SDQL,URAVL
SDQL,URXL
SDQL,URYVR
SDQL,VD11
SDQL,VD2
SDQL,VD3
SDQL,VD5
SDQL,VD7
SDQR,SIADR
SDQR,URAVL
SDQR,URBL
SDQR,URXR
SDQR,URYVL
SDQR,VC2
SDQR,VD1
SDQR,VD12
SIADL,SMBDL
SIADL,URAVL
SIADL,URXL
SIADL,VA9
SIADL,VB2
SIADL,VC4
SIADL,VD1
SIADL,VD11
SIADL,VD13
SIADL,VD5
SIADR,SIBVR
SIADR,URADL
SIADR,URAVR
SIADR,URXL
SIADR,URXR
SIADR,URYDR
SIADR,VB1
SIADR,VD13
SIADR,VD4
SIAVL,URADR
SIAVL,URYDR
SIAVL,URYVR
SIAVL,VA12
SIAVL,VC3
SIAVR,SIBVR
SIAVR,URADR
SIAVR,URAVL
SIAVR,URAVR
SIAVR,URXL
SIAVR,URXR
SIAVR,URYDR
SIAVR,URYVL
SIAVR,VD3
SIBDL,VB6
SIBDR,URXL
SIBVL,URXR
SIBVL,VD3
SIBVR,URYVL
SIBVR,VC2
SIBVR,VD5
SMBDL,URXL
SMBDL,VD1
SMBDL,VD6
SMBDR,URADR
SMBDR,URXL
SMBDR,URYVR
SMBDR,VA7
SMBDR,VD1
SMBDR,VD3
SMBVL,VC3
SMBVL,VD3
SMDDL,VC1
SMDDR,URADL
SMDDR,VD12
SMDDR,VD9
SMDVL,URADR
URADL,URAVL
URADL,URXR
URADL,URYDL
URADL,URYVL
URADL,URYVR
URADL,VA11
URADL,VA4
URADL,VA8
URADL,VA9
URADL,VB11
URADL,VB6
URADL,VB9
URADL,VD12
URADL,VD4
URADL,VD7
URADL,VD8
URADR,URAVR
URADR,URXL
URADR,VD1
URADR,VD10
URADR,VD13
URADR,VD4
URAVL,URBR
URAVL,URYDR
URAVL,VB11
URAVL,VD12
URAVL,VD13
URAVL,VD5
URAVR,URYDL
URAVR,URYDR
URAVR,URYVR
URAVR,VA11
URAVR,VA7
URAVR,VB11
URAVR,VB9
URAVR,VD11
URAVR,VD2
URAVR,VD5
URBR,VD11
URXL,URXL
URXL,URXR
URXL,URYDR
URXL,URYVL
URXL,URYVR
URXL,VA12
URXL,VA2
URXL,VB2
URXL,VB5
URXL,VB6
URXL,VB9
URXL,VC1
URXL,VC2
URXL,VC6
URXL,VD1
URXL,VD10
URXL,VD13
URXL,VD2
URXL,VD3
URXL,VD4
URXL,VD6
URXL,VD7
URXL,VD8
URXR,URXR
URXR,URYDL
URXR,URYDR
URXR,URYVR
URXR,VA1
URXR,VA3
URXR,VA4
URXR,VA7
URXR,VB10
URXR,VB2
URXR,VB6
URXR,VD10
URXR,VD11
URXR,VD3
URXR,VD4
URXR,VD5
URXR,VD6
URXR,VD8
URYDL,VA2
URYDL,VD10
URYDL,VD11
URYDL,VD7
URYDR,VA3
URYDR,VC2
URYDR,VD10
URYDR,VD11
URYDR,VD3
URYDR,VD7
URYVL,URYVR
URYVL,VA11
URYVL,VA3
URYVL,VA6
URYVL,VB4
URYVL,VC3
URYVL,VD1
URYVR,VC3
URYVR,VC4
URYVR,VD7
VA1,VD1
VA1,VD4
VA1,VD7
VA12,VD2
VA2,VA8
VA3,VD9
VA4,VA9
VA5,VD3
VA5,VD9
VA6,VD8
VA7,VB2
VA7,VB6
VA7,VC1
VA8,VD2
VA9,VD9
VB1,VC3
VB1,VD10
VB11,VD5
VB2,VD1
VB2,VD12
VB2,VD4
VB2,VD6
VB3,VD12
VB3,VD2
VB3,VD3
VB3,VD5
VB4,VC1
VB4,VD7
VB5,VB7
VB6,VD12
VB6,VD6
VB7,VD6
VB8,VC2
VB8,VD2
VB9,VD13
VB9,VD9
VC1,VC3
VC1,VD1
VC5,VD1
VC5,VD6
VD1,VD11
VD1,VD4
VD1,VD5
VD1,VD6
VD10,VD2
VD10,VD3
VD10,VD6
VD11,VD12
VD11,VD5
VD11,VD6
VD11,VD8
VD11,VD9
VD12,VD2
VD12,VD3
VD12,VD5
VD12,VD9
VD13,VD2
VD13,VD7
VD2,VD6
VD3,VD7
VD3,VD8
VD4,VD6
