ADAL,ADFL,1
ADAL,ADFR,1
ADAL,AFDR,1
ADAL,AIZR,1
ADAL,AS4,1
ADAL,AVDL,1
ADAL,AVER,1
ADAL,AVL,1
ADAL,AWBL,1
ADAL,DA8,1
ADAL,IL1L,1
ADAL,M2L,1
ADAL,PDER,1
ADAL,PVCR,1
ADAL,PVNR,1
ADAL,RIBR,1
ADAL,RIS,1
ADAL,RMDDR,1
ADAL,RMFL,1
ADAL,SAAVR,1
ADAL,SDQL,1
ADAL,SMBDR,1
ADAL,SMBVR,1
ADAL,VC1,1
ADAL,VD12,1
ADAL,VD13,1
ADAR,AFDR,1
ADAR,AIAL,1
ADAR,AUAR,1
ADAR,AVHL,1
ADAR,AVKL,1
ADAR,AVL,1
ADAR,AWBL,1
ADAR,LUAL,1
ADAR,M1,1
ADAR,PLNL,1
ADAR,RIAR,1
ADAR,RIGR,1
ADAR,RIMR,1
ADAR,RIS,1
ADAR,RMDL,1
ADAR,RMGR,1
ADAR,SAAVR,1
ADAR,SABVR,1
ADAR,SDQL,1
ADAR,SIBDL,1
ADAR,VD5,1
ADEL,ADFL,1
ADEL,AFDL,1
ADEL,AIBL,1
ADEL,AIML,1
ADEL,AIZL,1
ADEL,ASJL,1
ADEL,AVDL,1
ADEL,AVDR,1
ADEL,AVHR,1
ADEL,AVKL,1
ADEL,AWBL,1
ADEL,AWBR,1
ADEL,BAGL,1
ADEL,BDUL,1
ADEL,CEPVR,1
ADEL,DA3,1
ADEL,DA4,1
ADEL,DA8,1
ADEL,DD6,1
ADEL,DVB,1
ADEL,HSNL,1
ADEL,M1,1
ADEL,PHAR,1
ADEL,PLMR,1
ADEL,PVNR,1
ADEL,PVR,1
ADEL,PVT,1
ADEL,RIBL,1
ADEL,RMER,1
ADEL,RMEV,1
ADEL,SMDVL,1
ADEL,URYVR,1
ADEL,VB1,1
ADEL,VB5,1
ADEL,VD7,1
ADER,ALNL,1
ADER,AS2,1
ADER,AS4,1
ADER,AS9,1
ADER,AVBR,1
ADER,AVDR,1
ADER,AVHR,1
ADER,AVJL,1
ADER,AWCL,1
ADER,AWCR,1
ADER,DA6,1
ADER,DA8,1
ADER,DVA,1
ADER,LUAL,1
ADER,RICR,1
ADER,RIGR,1
ADER,RIH,1
ADER,RMEV,1
ADER,SDQL,1
ADER,SIADR,1
ADER,SIBVL,1
ADER,SMBDR,1
ADER,URBL,1
ADER,VA6,1
ADER,VD13,1
ADER,VD2,1
ADER,VD7,1
ADER,VD8,1
ADFL,ADLR,1
ADFL,AFDR,1
ADFL,AIAR,1
ADFL,AIML,1
ADFL,AINR,1
ADFL,ASEL,1
ADFL,ASIL,1
ADFL,ASIR,1
ADFL,AVM,1
ADFL,AWCL,1
ADFL,DA1,1
ADFL,DA7,1
ADFL,I1L,1
ADFL,LUAR,1
ADFL,M4,1
ADFL,OLLL,1
ADFL,RIBL,1
ADFL,RIVL,1
ADFL,RMDVR,1
ADFL,RMGL,1
ADFL,SIBVR,1
ADFL,VA4,1
ADFL,VB10,1
ADFL,VD10,1
ADFR,AFDR,1
ADFR,AS11,1
ADFR,AS5,1
ADFR,AVKR,1
ADFR,AWBL,1
ADFR,DA7,1
ADFR,DB7,1
ADFR,DD4,1
ADFR,DD6,1
ADFR,HSNR,1
ADFR,IL2L,1
ADFR,NSMR,1
ADFR,PVM,1
ADFR,PVT,1
ADFR,RIAL,1
ADFR,RIPL,1
ADFR,RIR,1
ADFR,SAAVL,1
ADFR,SIADR,1
ADFR,SMDVR,1
ADFR,URYDR,1
ADFR,VA4,1
ADFR,VB10,1
ADFR,VB3,1
ADFR,VD4,1
ADLL,AIAL,1
ADLL,AIZR,1
ADLL,AVAR,1
ADLL,AVJR,1
ADLL,AVM,1
ADLL,AWAL,1
ADLL,AWCL,1
ADLL,DA8,1
ADLL,DD4,1
ADLL,IL1DL,1
ADLL,IL1R,1
ADLL,IL2VR,1
ADLL,MCL,1
ADLL,PDB,1
ADLL,PVQR,1
ADLL,RIAR,1
ADLL,RIBR,1
ADLL,RIS,1
ADLL,SIADR,1
ADLL,SIAVL,1
ADLL,SMBVL,1
ADLL,SMDVR,1
ADLL,URBR,1
ADLL,VA10,1
ADLL,VD11,1
ADLL,VD6,1
ADLR,ADEL,1
ADLR,ADFR,1
ADLR,ALML,1
ADLR,AS5,1
ADLR,AS8,1
ADLR,ASHR,1
ADLR,AVBL,1
ADLR,AVFR,1
ADLR,AVG,1
ADLR,AVKR,1
ADLR,BAGL,1
ADLR,BDUR,1
ADLR,DB7,1
ADLR,I6,1
ADLR,IL1VL,1
ADLR,LUAL,1
ADLR,NSMR,1
ADLR,PVWL,1
ADLR,RIBL,1
ADLR,RICL,1
ADLR,RIPL,1
ADLR,SAAVL,1
ADLR,SDQL,1
ADLR,SIBVL,1
ADLR,SMBVL,1
ADLR,VA3,1
ADLR,VA4,1
ADLR,VD3,1
ADLR,VD5,1
AFDL,ADAR,1
AFDL,ALMR,1
AFDL,ASHL,1
AFDL,ASJR,1
AFDL,DD4,1
AFDL,DVA,1
AFDL,M2L,1
AFDL,SAAVL,1
AFDL,SDQR,1
AFDL,VB7,1
AFDL,VD5,1
AFDR,AIBL,1
AFDR,ASHL,1
AFDR,DD3,1
AFDR,DD6,1
AFDR,PDA,1
AFDR,RIAR,1
AFDR,RIH,1
AFDR,RMDR,1
AFDR,URBL,1
AIAL,AS7,1
AIAL,CEPDL,1
AIAL,DB7,1
AIAL,DD4,1
AIAL,IL1VL,1
AIAL,M3R,1
AIAL,PDA,1
AIAL,PDER,1
AIAL,PHCR,1
AIAL,PVNR,1
AIAL,PVQR,1
AIAL,RIBL,1
AIAL,RMDL,1
AIAL,RMDVL,1
AIAL,SAADL,1
AIAL,SIADL,1
AIAL,SIAVL,1
AIAL,SIBVR,1
AIAL,URYVL,1
AIAL,VA11,1
AIAL,VB1,1
AIAL,VD5,1
AIAR,ADER,1
AIAR,AIBR,1
AIAR,FLPR,1
AIAR,IL2VR,1
AIAR,LUAR,1
AIAR,OLLR,1
AIAR,PHBL,1
AIAR,PLML,1
AIAR,PVCR,1
AIAR,PVPR,1
AIAR,RMDDL,1
AIAR,RMDVR,1
AIAR,RMER,1
AIAR,VA10,1
AIAR,VA2,1
AIAR,VC1,1
AIBL,ADAR,1
AIBL,AFDR,1
AIBL,AIAL,1
AIBL,AS11,1
AIBL,ASKL,1
AIBL,AVBR,1
AIBL,AVDR,1
AIBL,AWBL,1
AIBL,DD4,1
AIBL,DVB,1
AIBL,HSNR,1
AIBL,I5,1
AIBL,LUAL,1
AIBL,M3R,1
AIBL,PVCL,1
AIBL,PVPR,1
AIBL,RIH,1
AIBL,RIVL,1
AIBL,RMDDL,1
AIBL,RMER,1
AIBL,RMGL,1
AIBL,RMGR,1
AIBL,SMBDR,1
AIBL,SMBVL,1
AIBL,URADL,1
AIBL,VA8,1
AIBL,VB7,1
AIBL,VC3,1
AIBL,VD10,1
AIBL,VD5,1
AIBR,ADAR,1
AIBR,AIMR,1
AIBR,ALML,1
AIBR,AS10,1
AIBR,AS11,1
AIBR,AS2,1
AIBR,AVJR,1
AIBR,AVL,1
AIBR,CEPVR,1
AIBR,DA9,1
AIBR,DB5,1
AIBR,DVC,1
AIBR,FLPR,1
AIBR,I3,1
AIBR,PDB,1
AIBR,PDEL,1
AIBR,PVCL,1
AIBR,PVCR,1
AIBR,PVM,1
AIBR,PVR,1
AIBR,RIBR,1
AIBR,RIMR,1
AIBR,RMDDR,1
AIBR,RMDR,1
AIBR,SIBDL,1
AIBR,SMBDL,1
AIBR,SMBVL,1
AIBR,URYVL,1
AIBR,VB7,1
AIBR,VB9,1
AIBR,VC5,1
AIBR,VD5,1
AIBR,VD8,1
AIML,ADLL,1
AIML,ALA,1
AIML,AS1,1
AIML,AS4,1
AIML,ASHR,1
AIML,AWBL,1
AIML,IL1R,1
AIML,OLLR,1
AIML,PDB,1
AIML,PHCR,1
AIML,PVT,1
AIML,RIAL,1
AIML,RIFR,1
AIML,RMEV,1
AIML,SIBDL,1
AIML,SMDVR,1
AIML,VB3,1
AIML,VB9,1
AIML,VD10,1
AIMR,ADLR,1
AIMR,AIML,1
AIMR,AINR,1
AIMR,ALML,1
AIMR,AVAR,1
AIMR,AVG,1
AIMR,AWAL,1
AIMR,AWBL,1
AIMR,AWBR,1
AIMR,CEPVL,1
AIMR,HSNR,1
AIMR,IL2R,1
AIMR,RIAR,1
AIMR,RIBR,1
AIMR,RIML,1
AIMR,RIS,1
AIMR,RMDVR,1
AIMR,RMEL,1
AIMR,RMEV,1
AIMR,RMHR,1
AIMR,SAAVR,1
AIMR,SIAVR,1
AIMR,SMDDR,1
AIMR,SMDVL,1
AIMR,VD5,1
AINL,ADLL,1
AINL,AS2,1
AINL,ASHR,1
AINL,AVBR,1
AINL,AWBL,1
AINL,AWCR,1
AINL,DA1,1
AINL,IL2R,1
AINL,PHCR,1
AINL,PVPR,1
AINL,RIFR,1
AINL,RMHR,1
AINL,SIAVL,1
AINL,VC3,1
AINL,VD1,1
AINL,VD5,1
AINR,ADFR,1
AINR,ADLL,1
AINR,AIBL,1
AINR,AIZR,1
AINR,ASJL,1
AINR,AVBR,1
AINR,AVKL,1
AINR,AWAL,1
AINR,DA8,1
AINR,HSNR,1
AINR,I1L,1
AINR,LUAL,1
AINR,OLLL,1
AINR,PVWL,1
AINR,PVWR,1
AINR,RIGR,1
AINR,RIML,1
AINR,RMDVR,1
AINR,RMER,1
AINR,RMFL,1
AINR,SIAVL,1
AINR,SIAVR,1
AIYL,ADLL,1
AIYL,ALA,1
AIYL,ASKR,1
AIYL,AVAL,1
AIYL,AVAR,1
AIYL,AVDR,1
AIYL,AVJL,1
AIYL,CEPDR,1
AIYL,OLQDR,1
AIYL,PVWL,1
AIYL,SABVR,1
AIYL,SIADR,1
AIYL,SMBVR,1
AIYL,SMDDL,1
AIYL,VA4,1
AIYR,AIBL,1
AIYR,AIZL,1
AIYR,ASER,1
AIYR,ASGL,1
AIYR,ASHR,1
AIYR,AVHR,1
AIYR,AVJL,1
AIYR,DA8,1
AIYR,DA9,1
AIYR,OLLL,1
AIYR,PVM,1
AIYR,PVQL,1
AIYR,RIMR,1
AIYR,RMDL,1
AIYR,RMEV,1
AIYR,VD5,1
AIYR,VD9,1
AIZL,ADAL,1
AIZL,ADAR,1
AIZL,AS1,1
AIZL,AS5,1
AIZL,ASJL,1
AIZL,AVDR,1
AIZL,CEPDR,1
AIZL,DA1,1
AIZL,M3L,1
AIZL,OLLL,1
AIZL,OLLR,1
AIZL,PHCR,1
AIZL,RICR,1
AIZL,RIH,1
AIZL,RMHL,1
AIZL,RMHR,1
AIZL,SAAVR,1
AIZL,SDQL,1
AIZL,SDQR,1
AIZL,SIADR,1
AIZL,SIAVL,1
AIZL,SIBDL,1
AIZL,SMDDR,1
AIZL,VB10,1
AIZL,VD3,1
AIZR,ASKR,1
AIZR,DB5,1
AIZR,DD5,1
AIZR,FLPR,1
AIZR,IL1DR,1
AIZR,IL1L,1
AIZR,M2L,1
AIZR,M5,1
AIZR,PDA,1
AIZR,PVCR,1
AIZR,PVWL,1
AIZR,RIBL,1
AIZR,RMER,1
AIZR,RMHR,1
AIZR,SAAVL,1
AIZR,SAAVR,1
AIZR,SIAVL,1
AIZR,SMBDL,1
AIZR,SMDDL,1
AIZR,VD4,1
ALA,AS3,1
ALA,ASKL,1
ALA,AVBL,1
ALA,AVHL,1
ALA,AVHR,1
ALA,CEPDL,1
ALA,RIBL,1
ALA,RIGL,1
ALA,SABVL,1
ALA,SMBDL,1
ALA,SMBVL,1
ALA,VA12,1
ALML,AFDR,1
ALML,ALA,1
ALML,AS3,1
ALML,AVER,1
ALML,DB3,1
ALML,DD1,1
ALML,HSNL,1
ALML,HSNR,1
ALML,LUAR,1
ALML,OLLR,1
ALML,OLQVR,1
ALML,PHBR,1
ALML,RIFR,1
ALML,RIH,1
ALML,SIBDL,1
ALML,URXL,1
ALML,VA6,1
ALML,VC6,1
ALMR,ADFR,1
ALMR,AIBR,1
ALMR,AVAR,1
ALMR,DD6,1
ALMR,DVB,1
ALMR,M3L,1
ALMR,PVCL,1
ALMR,RIAR,1
ALMR,SAADL,1
ALMR,SDQL,1
ALMR,SMDVL,1
ALMR,VD7,1
ALNL,ASEL,1
ALNL,AVAR,1
ALNL,DA4,1
ALNL,FLPR,1
ALNL,IL2R,1
ALNL,PHCL,1
ALNL,PVT,1
ALNL,RIR,1
ALNL,VA6,1
ALNR,AFDR,1
ALNR,DB1,1
ALNR,NSML,1
ALNR,PVPR,1
ALNR,RIBL,1
ALNR,RICR,1
ALNR,RIFL,1
ALNR,RMDDR,1
ALNR,RMDVL,1
ALNR,RMGL,1
ALNR,VD7,1
AQR,ADAL,1
AQR,ADEL,1
AQR,ADFL,1
AQR,ADLR,1
AQR,AIAR,1
AQR,AINL,1
AQR,AINR,1
AQR,ASGR,1
AQR,BAGL,1
AQR,DA2,1
AQR,DA4,1
AQR,DD4,1
AQR,I4,1
AQR,PHBL,1
AQR,RIAR,1
AQR,RMDDL,1
AQR,RMDDR,1
AQR,RMHL,1
AQR,RMHR,1
AQR,URYVL,1
AQR,VA2,1
AQR,VD3,1
AS1,ADER,1
AS1,ASHR,1
AS1,AVBL,1
AS1,AWCL,1
AS1,DD1,1
AS1,M3R,1
AS1,MCL,1
AS1,RIS,1
AS1,RIVR,1
AS1,RMDDL,1
AS1,VB10,1
AS10,ADAL,1
AS10,AIZR,1
AS10,ALMR,1
AS10,ASER,1
AS10,AWBR,1
AS10,DD6,1
AS10,DVB,1
AS10,OLQDL,1
AS10,PVM,1
AS10,SMDVR,1
AS10,VD1,1
AS11,AIYL,1
AS11,AIZR,1
AS11,ASIL,1
AS11,AVAR,1
AS11,AVBR,1
AS11,DVB,1
AS11,HSNL,1
AS11,M2R,1
AS11,PVNR,1
AS11,PVWR,1
AS11,RIBL,1
AS11,RMDDL,1
AS11,SIAVR,1
AS11,SMDVL,1
AS11,URYDL,1
AS11,VD9,1
AS2,AS11,1
AS2,AVHR,1
AS2,CEPVR,1
AS2,DVA,1
AS2,PVPL,1
AS2,SMBVL,1
AS2,VA2,1
AS3,AVG,1
AS3,SIAVL,1
AS3,VA11,1
AS4,AIBL,1
AS4,AIBR,1
AS4,DVC,1
AS4,PDER,1
AS4,RIGR,1
AS4,RIVR,1
AS5,AIBL,1
AS5,AVDR,1
AS5,AVKR,1
AS5,DD5,1
AS6,ADAL,1
AS6,ADFL,1
AS6,AVDR,1
AS6,I5,1
AS6,OLQVL,1
AS6,RMEV,1
AS7,AS3,1
AS8,VD1,1
AS9,DB3,1
ASEL,ADFL,1
ASEL,AIYL,1
ASEL,ALML,1
ASEL,AVAL,1
ASEL,AVBL,1
ASEL,AVBR,1
ASEL,DB3,1
ASEL,IL1R,1
ASEL,M2R,1
ASEL,M3L,1
ASEL,PHBL,1
ASEL,PHBR,1
ASEL,RIAL,1
ASEL,RIFR,1
ASEL,RIH,1
ASEL,RIPL,1
ASEL,RIPR,1
ASEL,RMEL,1
ASEL,VB10,1
ASER,ADAL,1
ASER,AINL,1
ASER,AVG,1
ASER,AVHL,1
ASER,DB5,1
ASER,DD1,1
ASER,IL1VR,1
ASER,M5,1
ASER,NSML,1
ASER,OLLL,1
ASER,OLQVR,1
ASER,PHBR,1
ASER,PVPR,1
ASER,RMDVL,1
ASER,SIBDR,1
ASER,URAVL,1
ASER,URYVL,1
ASER,VB11,1
ASER,VD11,1
ASER,VD4,1
ASGL,ASER,1
ASGL,DA8,1
ASGL,MI,1
ASGL,PHAL,1
ASGL,RIBR,1
ASGL,RIGL,1
ASGL,VA4,1
ASGL,VB4,1
ASGL,VD3,1
ASGR,AIAL,1
ASGR,AVBL,1
ASGR,AWAL,1
ASGR,IL2L,1
ASGR,M2L,1
ASGR,RIAL,1
ASGR,RIMR,1
ASGR,RMDDR,1
ASGR,SIBDR,1
ASGR,VA1,1
ASGR,VD11,1
ASHL,ADAR,1
ASHL,AVDR,1
ASHL,AVEL,1
ASHL,AVHL,1
ASHL,AVHR,1
ASHL,CEPDR,1
ASHL,DA7,1
ASHL,DB4,1
ASHL,DD1,1
ASHL,DD4,1
ASHL,DD5,1
ASHL,I2R,1
ASHL,PDER,1
ASHL,PVQL,1
ASHL,RICR,1
ASHL,RMDDL,1
ASHL,RMER,1
ASHL,RMGL,1
ASHL,SIBDR,1
ASHL,URAVR,1
ASHL,URXL,1
ASHL,VB2,1
ASHL,VD13,1
ASHR,ADFR,1
ASHR,AVBL,1
ASHR,AVHR,1
ASHR,BAGL,1
ASHR,DD4,1
ASHR,FLPL,1
ASHR,HSNR,1
ASHR,MI,1
ASHR,NSML,1
ASHR,PHCR,1
ASHR,PVNR,1
ASHR,PVPL,1
ASHR,RIBL,1
ASHR,RIPR,1
ASHR,RMDR,1
ASHR,RMDVR,1
ASHR,RMEL,1
ASHR,RMER,1
ASHR,SAAVL,1
ASHR,SIAVR,1
ASHR,SMBDR,1
ASHR,SMDDL,1
ASHR,SMDDR,1
ASHR,VA11,1
ASHR,VB2,1
ASHR,VD13,1
ASIL,ADAL,1
ASIL,AFDL,1
ASIL,ASHR,1
ASIL,ASIR,1
ASIL,AVBL,1
ASIL,AVFR,1
ASIL,AWCR,1
ASIL,CEPVR,1
ASIL,OLQVL,1
ASIL,PVQR,1
ASIL,PVR,1
ASIL,RIS,1
ASIL,RMDDR,1
ASIL,RMER,1
ASIL,SIADR,1
ASIL,SIBVR,1
ASIL,SMBDL,1
ASIL,SMDDR,1
ASIR,ADFR,1
ASIR,AVFR,1
ASIR,AVG,1
ASIR,AVHL,1
ASIR,CEPDL,1
ASIR,CEPDR,1
ASIR,PVNL,1
ASIR,RIAR,1
ASIR,RMHR,1
ASIR,SMBDL,1
ASIR,VA11,1
ASIR,VB3,1
ASIR,VD5,1
ASJL,ADAL,1
ASJL,ALMR,1
ASJL,ASGL,1
ASJL,ASKR,1
ASJL,AWAR,1
ASJL,DA8,1
ASJL,IL1DL,1
ASJL,RIMR,1
ASJL,RMGR,1
ASJL,SIBVR,1
ASJL,URYDR,1
ASJR,ADFL,1
ASJR,AVBR,1
ASJR,AVL,1
ASJR,I4,1
ASJR,VA3,1
ASKL,AS2,1
ASKL,AVBR,1
ASKL,IL1L,1
ASKL,PHAR,1
ASKL,SMBDR,1
ASKL,URADL,1
ASKL,URYVL,1
ASKL,VB1,1
ASKL,VD1,1
ASKL,VD13,1
ASKR,ADEL,1
ASKR,ADFR,1
ASKR,AIML,1
ASKR,AVDR,1
ASKR,AVEL,1
ASKR,AVFL,1
ASKR,AVJL,1
ASKR,CEPDL,1
ASKR,DB6,1
ASKR,FLPL,1
ASKR,I1L,1
ASKR,I6,1
ASKR,IL1VL,1
ASKR,PDER,1
ASKR,RIAR,1
ASKR,RIMR,1
ASKR,RMDDL,1
ASKR,SMBDR,1
ASKR,SMDVL,1
AUAL,ADER,1
AUAL,ASEL,1
AUAL,AVER,1
AUAL,AVHL,1
AUAL,AVKL,1
AUAL,DD1,1
AUAL,IL2VR,1
AUAL,OLQVL,1
AUAL,RIAR,1
AUAL,RIPR,1
AUAL,RMGR,1
AUAL,RMHL,1
AUAL,SMDVL,1
AUAL,VB4,1
AUAL,VD11,1
AUAL,VD13,1
AUAL,VD3,1
AUAR,ASER,1
AUAR,AVG,1
AUAR,AVJR,1
AUAR,CEPDR,1
AUAR,DA7,1
AUAR,M2L,1
AUAR,MI,1
AUAR,PLNL,1
AUAR,PVQL,1
AUAR,PVT,1
AUAR,SMDVL,1
AUAR,VD11,1
AVAL,ADER,1
AVAL,ADFR,1
AVAL,AIML,1
AVAL,AIYL,1
AVAL,AIZL,1
AVAL,ALML,1
AVAL,ALMR,1
AVAL,AS10,1
AVAL,AS3,1
AVAL,AS4,1
AVAL,AS6,1
AVAL,ASEL,1
AVAL,ASER,1
AVAL,ASJL,1
AVAL,ASKL,1
AVAL,AVAR,1
AVAL,AVG,1
AVAL,AVJR,1
AVAL,AVKR,1
AVAL,AVM,1
AVAL,CEPVL,1
AVAL,DA8,1
AVAL,DB2,1
AVAL,DB3,1
AVAL,DB5,1
AVAL,DD5,1
AVAL,I1R,1
AVAL,I2R,1
AVAL,IL2L,1
AVAL,IL2R,1
AVAL,LUAR,1
AVAL,MCL,1
AVAL,PDB,1
AVAL,PDER,1
AVAL,PLNR,1
AVAL,PVM,1
AVAL,PVWR,1
AVAL,RICR,1
AVAL,RID,1
AVAL,RIGL,1
AVAL,RIR,1
AVAL,RMED,1
AVAL,RMER,1
AVAL,RMFR,1
AVAL,RMGL,1
AVAL,SAAVR,1
AVAL,SIADL,1
AVAL,SIAVL,1
AVAL,SIAVR,1
AVAL,SMDVL,1
AVAL,URADL,1
AVAL,URBR,1
AVAL,VA12,1
AVAL,VB10,1
AVAL,VB8,1
AVAL,VD4,1
AVAL,VD5,1
AVAR,ADFR,1
AVAR,AFDL,1
AVAR,AFDR,1
AVAR,AIBR,1
AVAR,AIYL,1
AVAR,AIZL,1
AVAR,AIZR,1
AVAR,ASEL,1
AVAR,ASGL,1
AVAR,ASKL,1
AVAR,AUAR,1
AVAR,AVDL,1
AVAR,AVDR,1
AVAR,AVG,1
AVAR,AVKR,1
AVAR,AWAL,1
AVAR,AWBR,1
AVAR,CEPDR,1
AVAR,CEPVR,1
AVAR,DA9,1
AVAR,DB4,1
AVAR,DB5,1
AVAR,FLPR,1
AVAR,HSNL,1
AVAR,I5,1
AVAR,IL1R,1
AVAR,IL2DR,1
AVAR,M3L,1
AVAR,OLLL,1
AVAR,OLQVR,1
AVAR,PHAR,1
AVAR,PHBL,1
AVAR,PLNL,1
AVAR,PVNR,1
AVAR,RIAL,1
AVAR,RIBR,1
AVAR,RIPR,1
AVAR,RIVL,1
AVAR,RMDL,1
AVAR,RMEL,1
AVAR,RMFL,1
AVAR,RMGR,1
AVAR,RMHL,1
AVAR,RMHR,1
AVAR,SIAVR,1
AVAR,SMBDL,1
AVAR,SMDVR,1
AVAR,URXR,1
AVAR,URYDL,1
AVAR,VA12,1
AVAR,VA3,1
AVAR,VA4,1
AVAR,VB11,1
AVAR,VB5,1
AVAR,VC2,1
AVAR,VC3,1
AVAR,VC4,1
AVAR,VD10,1
AVAR,VD3,1
AVAR,VD6,1
AVAR,VD7,1
AVAR,VD8,1
AVBL,ADFL,1
AVBL,ADLR,1
AVBL,AIAR,1
AVBL,AIBR,1
AVBL,ALMR,1
AVBL,ASJL,1
AVBL,ASJR,1
AVBL,AWAL,1
AVBL,BAGR,1
AVBL,DB3,1
AVBL,DVB,1
AVBL,FLPL,1
AVBL,I2L,1
AVBL,IL1VR,1
AVBL,LUAL,1
AVBL,OLLL,1
AVBL,OLQVR,1
AVBL,PDEL,1
AVBL,PDER,1
AVBL,PHAL,1
AVBL,PHAR,1
AVBL,PVM,1
AVBL,PVNL,1
AVBL,RIAL,1
AVBL,RIAR,1
AVBL,RIFR,1
AVBL,RIML,1
AVBL,RIS,1
AVBL,RMDDL,1
AVBL,RMDL,1
AVBL,RMDVL,1
AVBL,SAADR,1
AVBL,SABD,1
AVBL,SMBDR,1
AVBL,SMBVL,1
AVBL,SMDDR,1
AVBL,URBL,1
AVBL,URXR,1
AVBL,VA1,1
AVBL,VB1,1
AVBL,VB2,1
AVBL,VB6,1
AVBL,VD5,1
AVBL,VD6,1
AVBR,ADAL,1
AVBR,ADFL,1
AVBR,AIAR,1
AVBR,AIML,1
AVBR,AIYR,1
AVBR,AIZR,1
AVBR,AS1,1
AVBR,AS5,1
AVBR,AS8,1
AVBR,ASIL,1
AVBR,ASKR,1
AVBR,AVER,1
AVBR,AVG,1
AVBR,AVJL,1
AVBR,AWBR,1
AVBR,BAGL,1
AVBR,CEPDR,1
AVBR,LUAL,1
AVBR,M3L,1
AVBR,OLQVL,1
AVBR,PDA,1
AVBR,PDEL,1
AVBR,PQR,1
AVBR,PVCL,1
AVBR,PVNL,1
AVBR,PVWR,1
AVBR,RIR,1
AVBR,RMDDL,1
AVBR,RMDDR,1
AVBR,RMDVL,1
AVBR,SAADR,1
AVBR,SDQL,1
AVBR,SMDDL,1
AVBR,SMDDR,1
AVBR,SMDVL,1
AVBR,SMDVR,1
AVBR,URAVL,1
AVBR,URXL,1
AVBR,URYVR,1
AVBR,VA1,1
AVBR,VA4,1
AVBR,VB1,1
AVBR,VB4,1
AVBR,VD1,1
AVBR,VD3,1
AVBR,VD4,1
AVBR,VD6,1
AVDL,ADFR,1
AVDL,AVAL,1
AVDL,AVBL,1
AVDL,AVBR,1
AVDL,AVER,1
AVDL,AVKL,1
AVDL,BAGL,1
AVDL,DVC,1
AVDL,FLPR,1
AVDL,I3,1
AVDL,M3R,1
AVDL,OLQVL,1
AVDL,PHAL,1
AVDL,PVNR,1
AVDL,PVQR,1
AVDL,RIBR,1
AVDL,RIR,1
AVDL,RIVR,1
AVDL,RMDDL,1
AVDL,RMDDR,1
AVDL,RMER,1
AVDL,RMFL,1
AVDL,RMHL,1
AVDL,SAADL,1
AVDL,SABD,1
AVDL,SIBVR,1
AVDL,SMDDL,1
AVDL,SMDDR,1
AVDL,VA2,1
AVDL,VA8,1
AVDL,VB8,1
AVDL,VD12,1
AVDL,VD4,1
AVDL,VD7,1
AVDR,ADER,1
AVDR,ADFR,1
AVDR,ADLR,1
AVDR,AFDR,1
AVDR,AS2,1
AVDR,ASGR,1
AVDR,ASJR,1
AVDR,AVBR,1
AVDR,AVEL,1
AVDR,AVG,1
AVDR,AVJL,1
AVDR,CEPVR,1
AVDR,DA1,1
AVDR,DB3,1
AVDR,DD1,1
AVDR,DD5,1
AVDR,IL1L,1
AVDR,LUAL,1
AVDR,MCR,1
AVDR,MI,1
AVDR,NSML,1
AVDR,OLQDL,1
AVDR,PLML,1
AVDR,PLNL,1
AVDR,PVCR,1
AVDR,PVDR,1
AVDR,RICL,1
AVDR,RMDVL,1
AVDR,SDQL,1
AVDR,SIAVL,1
AVDR,SIBDL,1
AVDR,SIBDR,1
AVDR,VC1,1
AVDR,VC3,1
AVDR,VD11,1
AVDR,VD13,1
AVDR,VD8,1
AVEL,ADAR,1
AVEL,AIMR,1
AVEL,AS1,1
AVEL,AS3,1
AVEL,ASEL,1
AVEL,AVG,1
AVEL,AVHR,1
AVEL,AVKR,1
AVEL,AWAR,1
AVEL,DA1,1
AVEL,DD1,1
AVEL,DD6,1
AVEL,DVB,1
AVEL,FLPL,1
AVEL,PHCR,1
AVEL,PLNR,1
AVEL,PVCL,1
AVEL,RIPL,1
AVEL,RIVL,1
AVEL,RMDL,1
AVEL,SAAVL,1
AVEL,SMBDL,1
AVEL,SMDDR,1
AVEL,SMDVL,1
AVEL,URBR,1
AVEL,VA11,1
AVEL,VA3,1
AVEL,VB10,1
AVEL,VB9,1
AVEL,VD12,1
AVEL,VD6,1
AVER,AIMR,1
AVER,AS2,1
AVER,AS6,1
AVER,ASHR,1
AVER,AVFL,1
AVER,AVG,1
AVER,AVL,1
AVER,AWBR,1
AVER,DA2,1
AVER,DA6,1
AVER,DA8,1
AVER,DA9,1
AVER,DD5,1
AVER,DVA,1
AVER,DVC,1
AVER,I1R,1
AVER,LUAR,1
AVER,PQR,1
AVER,PVM,1
AVER,PVNR,1
AVER,PVPL,1
AVER,RIAL,1
AVER,RIGL,1
AVER,RIGR,1
AVER,RIPL,1
AVER,RIPR,1
AVER,RIR,1
AVER,RIVL,1
AVER,SABVR,1
AVER,URXR,1
AVER,VB1,1
AVER,VB7,1
AVER,VC4,1
AVER,VD13,1
AVER,VD4,1
AVER,VD9,1
AVFL,AIMR,1
AVFL,AINL,1
AVFL,AIZL,1
AVFL,AIZR,1
AVFL,AVBL,1
AVFL,AWBR,1
AVFL,BDUR,1
AVFL,DA3,1
AVFL,I1L,1
AVFL,I1R,1
AVFL,IL2L,1
AVFL,M2L,1
AVFL,PDEL,1
AVFL,PQR,1
AVFL,PVWR,1
AVFL,RICR,1
AVFL,RID,1
AVFL,RIFL,1
AVFL,RMER,1
AVFL,RMEV,1
AVFL,SIBDL,1
AVFL,SIBVR,1
AVFL,SMDDR,1
AVFL,SMDVL,1
AVFL,URXL,1
AVFL,VA6,1
AVFL,VB4,1
AVFL,VB9,1
AVFL,VD10,1
AVFL,VD6,1
AVFR,AIML,1
AVFR,AIZL,1
AVFR,AVEL,1
AVFR,AVFL,1
AVFR,DA4,1
AVFR,DA8,1
AVFR,DD4,1
AVFR,DD5,1
AVFR,DVC,1
AVFR,I5,1
AVFR,IL1R,1
AVFR,MI,1
AVFR,OLQDR,1
AVFR,SIAVL,1
AVFR,SIBVR,1
AVFR,SMBDL,1
AVFR,SMBVL,1
AVFR,URADL,1
AVFR,URAVL,1
AVFR,VB4,1
AVFR,VB8,1
AVFR,VC4,1
AVFR,VD3,1
AVG,AIZL,1
AVG,ASEL,1
AVG,ASGL,1
AVG,AUAL,1
AVG,AVAR,1
AVG,AVBL,1
AVG,AVEL,1
AVG,AVER,1
AVG,AVKL,1
AVG,DB3,1
AVG,DD6,1
AVG,DVB,1
AVG,I1R,1
AVG,M2R,1
AVG,PHBL,1
AVG,PHCL,1
AVG,PQR,1
AVG,PVCR,1
AVG,PVNL,1
AVG,RIBL,1
AVG,RIFR,1
AVG,RIGL,1
AVG,RIS,1
AVG,RMDDL,1
AVG,RMDL,1
AVG,RMER,1
AVG,SAAVL,1
AVG,SIBVL,1
AVG,SIBVR,1
AVG,URBR,1
AVG,URYVL,1
AVG,VA12,1
AVG,VB5,1
AVG,VD10,1
AVG,VD3,1
AVHL,ADFR,1
AVHL,AIBL,1
AVHL,AIML,1
AVHL,AINL,1
AVHL,AS10,1
AVHL,ASIR,1
AVHL,AVDL,1
AVHL,AVER,1
AVHL,AVJR,1
AVHL,AVL,1
AVHL,AWBR,1
AVHL,CEPVL,1
AVHL,DA2,1
AVHL,HSNR,1
AVHL,I2R,1
AVHL,MCL,1
AVHL,MCR,1
AVHL,NSML,1
AVHL,OLQVR,1
AVHL,PDER,1
AVHL,PHBL,1
AVHL,PHCL,1
AVHL,PVNL,1
AVHL,PVPL,1
AVHL,RIAL,1
AVHL,RIR,1
AVHL,RIS,1
AVHL,RMGL,1
AVHL,SABVL,1
AVHL,SMDDR,1
AVHL,URXR,1
AVHL,VA4,1
AVHL,VA6,1
AVHL,VB2,1
AVHL,VB4,1
AVHL,VB8,1
AVHL,VD13,1
AVHR,ADAL,1
AVHR,ALNR,1
AVHR,ASGR,1
AVHR,AVAL,1
AVHR,AVDL,1
AVHR,AVFL,1
AVHR,AVG,1
AVHR,AVJL,1
AVHR,AVKR,1
AVHR,AWAR,1
AVHR,BAGL,1
AVHR,DB2,1
AVHR,DB5,1
AVHR,DD3,1
AVHR,DVA,1
AVHR,IL1R,1
AVHR,OLLL,1
AVHR,OLQDR,1
AVHR,PDB,1
AVHR,PHBR,1
AVHR,PVDL,1
AVHR,PVNR,1
AVHR,PVPL,1
AVHR,PVPR,1
AVHR,PVQR,1
AVHR,RIAR,1
AVHR,RMDVR,1
AVHR,RMEV,1
AVHR,RMHL,1
AVHR,SAADL,1
AVHR,SIADL,1
AVHR,SMBDR,1
AVHR,URBR,1
AVHR,URYVR,1
AVHR,VB2,1
AVHR,VC3,1
AVHR,VD8,1
AVJL,AS9,1
AVJL,AVFL,1
AVJL,AVHL,1
AVJL,AWBR,1
AVJL,BDUR,1
AVJL,CEPDL,1
AVJL,DA4,1
AVJL,DB1,1
AVJL,DD5,1
AVJL,I1L,1
AVJL,IL1R,1
AVJL,M2L,1
AVJL,PDER,1
AVJL,PLNL,1
AVJL,RMDL,1
AVJL,SIBDL,1
AVJL,SMBDL,1
AVJL,SMBVR,1
AVJL,SMDVL,1
AVJL,URBL,1
AVJL,VA11,1
AVJL,VA12,1
AVJL,VA4,1
AVJL,VC4,1
AVJL,VD4,1
AVJR,ADER,1
AVJR,AINR,1
AVJR,ALNL,1
AVJR,AVEL,1
AVJR,AVHR,1
AVJR,AVKL,1
AVJR,BDUL,1
AVJR,BDUR,1
AVJR,DA2,1
AVJR,DA9,1
AVJR,DB7,1
AVJR,DVA,1
AVJR,HSNR,1
AVJR,IL2VR,1
AVJR,OLLL,1
AVJR,OLLR,1
AVJR,PLML,1
AVJR,PVQR,1
AVJR,RIAR,1
AVJR,RIFL,1
AVJR,RMED,1
AVJR,RMHL,1
AVJR,URXL,1
AVJR,VA3,1
AVJR,VC2,1
AVJR,VD11,1
AVJR,VD6,1
AVKL,AIBL,1
AVKL,AINR,1
AVKL,ALMR,1
AVKL,AQR,1
AVKL,ASHR,1
AVKL,ASKR,1
AVKL,AVBL,1
AVKL,DA9,1
AVKL,DB3,1
AVKL,I1R,1
AVKL,I4,1
AVKL,I6,1
AVKL,IL1L,1
AVKL,IL2L,1
AVKL,LUAL,1
AVKL,OLLL,1
AVKL,OLQVR,1
AVKL,PHAR,1
AVKL,PVQR,1
AVKL,PVWR,1
AVKL,RIAL,1
AVKL,RICR,1
AVKL,RIPL,1
AVKL,RMDL,1
AVKL,RMDVL,1
AVKL,RMER,1
AVKL,SABVL,1
AVKL,SIADL,1
AVKL,SMBVL,1
AVKL,URBL,1
AVKL,VA5,1
AVKL,VB4,1
AVKL,VC1,1
AVKL,VC3,1
AVKL,VD8,1
AVKR,ADEL,1
AVKR,AINR,1
AVKR,AIZL,1
AVKR,AVAL,1
AVKR,AVBL,1
AVKR,AVER,1
AVKR,AWAR,1
AVKR,IL2DR,1
AVKR,M2R,1
AVKR,M4,1
AVKR,PHAR,1
AVKR,PHBR,1
AVKR,RIAR,1
AVKR,RIBR,1
AVKR,RICL,1
AVKR,RIMR,1
AVKR,RIR,1
AVKR,RIVL,1
AVKR,SDQR,1
AVKR,SMBDL,1
AVKR,SMBVL,1
AVKR,VA12,1
AVKR,VA4,1
AVKR,VA5,1
AVKR,VA8,1
AVKR,VB6,1
AVL,ADFL,1
AVL,AFDL,1
AVL,AIAL,1
AVL,AIBL,1
AVL,ALNR,1
AVL,AS11,1
AVL,AS2,1
AVL,AVBL,1
AVL,AVFL,1
AVL,BDUR,1
AVL,DA3,1
AVL,DA5,1
AVL,DD3,1
AVL,HSNL,1
AVL,I5,1
AVL,M3L,1
AVL,NSML,1
AVL,OLQVR,1
AVL,RIPL,1
AVL,RIR,1
AVL,RMDDL,1
AVL,SAAVL,1
AVL,SDQR,1
AVL,SMBDL,1
AVL,VA3,1
AVL,VB1,1
AVL,VD11,1
AVL,VD5,1
AVL,VD9,1
AVM,ADFR,1
AVM,AFDL,1
AVM,AIZL,1
AVM,ASEL,1
AVM,ASHL,1
AVM,ASKR,1
AVM,AVFR,1
AVM,AVL,1
AVM,DB2,1
AVM,IL1R,1
AVM,PLMR,1
AVM,PVNL,1
AVM,PVPL,1
AVM,RIAR,1
AVM,RID,1
AVM,RMDL,1
AVM,RMER,1
AVM,SMBVL,1
AVM,VA1,1
AVM,VA6,1
AVM,VD1,1
AVM,VD3,1
AWAL,ADAR,1
AWAL,ASIL,1
AWAL,AVAL,1
AWAL,AVEL,1
AWAL,DVB,1
AWAL,I4,1
AWAL,IL2DL,1
AWAL,RIFL,1
AWAL,SDQR,1
AWAL,URAVR,1
AWAR,ADER,1
AWAR,AQR,1
AWAR,ASIL,1
AWAR,AVAL,1
AWAR,AVAR,1
AWAR,AVBL,1
AWAR,AVER,1
AWAR,DA4,1
AWAR,DVA,1
AWAR,HSNL,1
AWAR,I5,1
AWAR,RIGL,1
AWAR,SMDDL,1
AWAR,VA3,1
AWBL,ADLR,1
AWBL,AIZL,1
AWBL,AIZR,1
AWBL,AS2,1
AWBL,AS7,1
AWBL,ASKR,1
AWBL,AVAL,1
AWBL,DD1,1
AWBL,PVDL,1
AWBL,RMDDR,1
AWBL,RMDVL,1
AWBL,RMGL,1
AWBL,SDQR,1
AWBL,SIADL,1
AWBL,SMBDL,1
AWBL,SMDDR,1
AWBL,SMDVL,1
AWBL,SMDVR,1
AWBL,URAVL,1
AWBL,VD1,1
AWBR,ADAL,1
AWBR,AIMR,1
AWBR,AIYR,1
AWBR,AIZL,1
AWBR,ALML,1
AWBR,AS1,1
AWBR,ASIR,1
AWBR,AVAL,1
AWBR,AVEL,1
AWBR,AVKL,1
AWBR,AWAR,1
AWBR,DA2,1
AWBR,OLLL,1
AWBR,OLLR,1
AWBR,RIBL,1
AWBR,RIVR,1
AWBR,RMGR,1
AWBR,SIBVR,1
AWBR,VB4,1
AWCL,ADAR,1
AWCL,ADFL,1
AWCL,AIBL,1
AWCL,AIYR,1
AWCL,AVAL,1
AWCL,AVKL,1
AWCL,AVL,1
AWCL,BAGL,1
AWCL,CEPVR,1
AWCL,DVA,1
AWCL,DVC,1
AWCL,RIFR,1
AWCL,RIML,1
AWCL,RIMR,1
AWCL,RMDDL,1
AWCL,RMFR,1
AWCL,VB2,1
AWCR,ADAR,1
AWCR,AS4,1
AWCR,AUAL,1
AWCR,AVER,1
AWCR,AVFR,1
AWCR,DA4,1
AWCR,DVB,1
AWCR,IL1L,1
AWCR,LUAL,1
AWCR,M3L,1
AWCR,MCR,1
AWCR,RICR,1
AWCR,RIPL,1
AWCR,RIR,1
AWCR,SDQR,1
AWCR,SIAVL,1
AWCR,SIBVR,1
AWCR,SMDDR,1
BAGL,ALML,1
BAGL,ALNR,1
BAGL,ASGL,1
BAGL,ASIL,1
BAGL,ASIR,1
BAGL,AVG,1
BAGL,AVHL,1
BAGL,BDUL,1
BAGL,CEPDL,1
BAGL,CEPVL,1
BAGL,FLPL,1
BAGL,MCL,1
BAGL,PLNL,1
BAGL,PVNL,1
BAGL,PVWR,1
BAGL,RIAR,1
BAGL,RMDVL,1
BAGL,RMER,1
BAGL,SIBVL,1
BAGL,VB6,1
BAGL,VD6,1
BAGR,ADLR,1
BAGR,AIMR,1
BAGR,AIZL,1
BAGR,AVKR,1
BAGR,AWCR,1
BAGR,FLPL,1
BAGR,OLQDR,1
BAGR,PVDL,1
BAGR,PVPL,1
BAGR,SABVL,1
BAGR,SDQR,1
BAGR,VB2,1
BDUL,AVBL,1
BDUL,AVHL,1
BDUL,AWCR,1
BDUL,DD6,1
BDUL,IL2VR,1
BDUL,LUAR,1
BDUL,OLQVL,1
BDUL,PLML,1
BDUL,RIAL,1
BDUL,SMBVL,1
BDUL,SMBVR,1
BDUL,VA8,1
BDUR,AS11,1
BDUR,ASER,1
BDUR,DA3,1
BDUR,I2L,1
BDUR,LUAL,1
BDUR,M1,1
BDUR,PHAR,1
BDUR,PVCR,1
BDUR,RMDR,1
BDUR,RMEV,1
BDUR,RMFL,1
BDUR,SIBVL,1
BDUR,URXR,1
BDUR,VD7,1
CEPDL,ADFL,1
CEPDL,AFDL,1
CEPDL,ALML,1
CEPDL,ASHR,1
CEPDL,ASKL,1
CEPDL,BDUR,1
CEPDL,DVC,1
CEPDL,I2L,1
CEPDL,I3,1
CEPDL,M3L,1
CEPDL,OLQVR,1
CEPDL,PVCL,1
CEPDL,PVCR,1
CEPDL,PVNR,1
CEPDL,PVQR,1
CEPDL,PVWL,1
CEPDL,RIGL,1
CEPDL,RIPL,1
CEPDL,RMEL,1
CEPDL,SIADR,1
CEPDL,VA1,1
CEPDL,VB11,1
CEPDL,VC2,1
CEPDL,VC3,1
CEPDL,VD2,1
CEPDL,VD3,1
CEPDR,AIMR,1
CEPDR,ASIR,1
CEPDR,AVER,1
CEPDR,AVHL,1
CEPDR,DA9,1
CEPDR,LUAR,1
CEPDR,MI,1
CEPDR,PHCL,1
CEPDR,PVNL,1
CEPDR,PVNR,1
CEPDR,PVQR,1
CEPDR,PVT,1
CEPDR,RIAL,1
CEPDR,RICL,1
CEPDR,RMDVR,1
CEPDR,SIBDR,1
CEPDR,URXL,1
CEPDR,VA8,1
CEPDR,VB4,1
CEPDR,VD1,1
CEPDR,VD12,1
CEPDR,VD7,1
CEPVL,ADAR,1
CEPVL,AIYR,1
CEPVL,AS1,1
CEPVL,ASGL,1
CEPVL,AVBL,1
CEPVL,AVFL,1
CEPVL,AVG,1
CEPVL,AVJL,1
CEPVL,AVL,1
CEPVL,AWAR,1
CEPVL,AWBR,1
CEPVL,I5,1
CEPVL,OLLR,1
CEPVL,OLQDR,1
CEPVL,PHCL,1
CEPVL,PVPL,1
CEPVL,RIAL,1
CEPVL,RMFR,1
CEPVL,SIAVR,1
CEPVL,SMBDL,1
CEPVL,VD2,1
CEPVL,VD8,1
CEPVR,ADAL,1
CEPVR,AIMR,1
CEPVR,AIYL,1
CEPVR,ALML,1
CEPVR,AVAL,1
CEPVR,AVJL,1
CEPVR,BAGR,1
CEPVR,DA7,1
CEPVR,DA9,1
CEPVR,DD1,1
CEPVR,DD4,1
CEPVR,DD5,1
CEPVR,DVA,1
CEPVR,I2R,1
CEPVR,M2L,1
CEPVR,MCL,1
CEPVR,PVWL,1
CEPVR,RIGL,1
CEPVR,RIPL,1
CEPVR,SMDVR,1
CEPVR,URAVL,1
CEPVR,VD11,1
DA1,AS3,1
DA1,AWCR,1
DA1,SMBDL,1
DA1,SMDDR,1
DA1,URYVL,1
DA1,VA12,1
DA1,VA4,1
DA1,VB3,1
DA1,VC3,1
DA2,AS7,1
DA2,ASGR,1
DA2,ASHL,1
DA2,AVJR,1
DA2,CEPVL,1
DA2,HSNL,1
DA2,M1,1
DA2,PVNR,1
DA2,RIGL,1
DA2,RMDDL,1
DA2,RMGR,1
DA2,SDQL,1
DA2,URXR,1
DA2,VD1,1
DA3,DA8,1
DA3,DD6,1
DA3,IL1DR,1
DA3,M3R,1
DA3,PHBL,1
DA3,RIS,1
DA3,SIBVR,1
DA3,URXL,1
DA3,VA8,1
DA3,VB2,1
DA3,VD10,1
DA3,VD2,1
DA4,AIBL,1
DA4,AS10,1
DA4,AVKL,1
DA4,IL1DR,1
DA4,IL2R,1
DA4,M2R,1
DA4,RIVR,1
DA4,SDQL,1
DA4,VA5,1
DA5,AQR,1
DA5,ASKR,1
DA5,AVAR,1
DA5,DA3,1
DA5,I1R,1
DA5,LUAR,1
DA5,M3R,1
DA5,RIBR,1
DA5,VA12,1
DA5,VB8,1
DA6,AVFL,1
DA6,CEPDL,1
DA6,DA2,1
DA6,I3,1
DA6,LUAR,1
DA6,RICL,1
DA6,RMGR,1
DA6,SDQR,1
DA6,VD2,1
DA7,ADFR,1
DA7,ASEL,1
DA7,ASGR,1
DA7,AWBR,1
DA7,CEPVL,1
DA7,OLLL,1
DA7,PVCL,1
DA7,RICR,1
DA7,SIBVL,1
DA7,URADR,1
DA7,VA2,1
DA7,VA3,1
DA7,VA9,1
DA8,ADLL,1
DA8,AFDR,1
DA8,AIML,1
DA8,ASGL,1
DA8,AUAR,1
DA8,AVDL,1
DA8,BDUR,1
DA8,I5,1
DA8,IL2DL,1
DA8,OLLL,1
DA8,PHBR,1
DA8,PVDL,1
DA8,RMDR,1
DA8,RMFR,1
DA8,RMHR,1
DA8,SDQR,1
DA8,SMDVL,1
DA8,URAVL,1
DA8,VA12,1
DA8,VA2,1
DA8,VA3,1
DA8,VA7,1
DA8,VA8,1
DA8,VB11,1
DA9,ADER,1
DA9,AINL,1
DA9,AIZR,1
DA9,ASKR,1
DA9,AVAL,1
DA9,AVEL,1
DA9,AVG,1
DA9,AVHR,1
DA9,AVJL,1
DA9,AVJR,1
DA9,AWCL,1
DA9,CEPDL,1
DA9,DA4,1
DA9,DA7,1
DA9,DD3,1
DA9,PVCL,1
DA9,RIPL,1
DA9,RMER,1
DA9,RMGR,1
DA9,RMHR,1
DA9,SDQL,1
DA9,SMBDR,1
DB1,AFDL,1
DB1,AIMR,1
DB1,AS4,1
DB1,AWBL,1
DB1,DA3,1
DB1,MCL,1
DB1,OLLR,1
DB1,RICR,1
DB1,SIBVL,1
DB1,SMBVL,1
DB1,VA12,1
DB1,VA6,1
DB1,VD5,1
DB2,AVAL,1
DB2,AVAR,1
DB2,BAGL,1
DB2,DB5,1
DB2,DB6,1
DB2,I5,1
DB2,M2R,1
DB2,PVPL,1
DB2,PVQL,1
DB2,RID,1
DB2,SMDVR,1
DB2,URYVL,1
DB2,VA6,1
DB2,VD12,1
DB3,AIZL,1
DB3,AQR,1
DB3,ASIR,1
DB3,AVJL,1
DB3,DA9,1
DB3,OLQDL,1
DB3,OLQVL,1
DB3,PLML,1
DB3,PQR,1
DB3,PVCR,1
DB3,RMER,1
DB3,SAAVL,1
DB3,SDQL,1
DB3,SIADR,1
DB3,SMDVR,1
DB3,VA9,1
DB3,VB3,1
DB4,AIBL,1
DB4,ASGR,1
DB4,ASHL,1
DB4,DVB,1
DB4,IL1DR,1
DB4,MCR,1
DB4,PDER,1
DB4,RMDDR,1
DB4,RMDL,1
DB4,RMFL,1
DB4,SIAVL,1
DB5,ADLR,1
DB5,AIZR,1
DB5,AVAL,1
DB5,AVBL,1
DB5,DVC,1
DB5,OLQVL,1
DB5,OLQVR,1
DB5,PDA,1
DB5,PVPR,1
DB5,RMER,1
DB5,SIADR,1
DB5,VB11,1
DB5,VD9,1
DB6,ADLR,1
DB6,AIAL,1
DB6,AIBR,1
DB6,AS4,1
DB6,PVPR,1
DB6,RIAR,1
DB6,RIBR,1
DB6,RICL,1
DB6,RIPR,1
DB6,RMEV,1
DB6,SDQR,1
DB6,URAVL,1
DB7,AIAR,1
DB7,AIBL,1
DB7,AVJR,1
DB7,DA4,1
DB7,DB1,1
DB7,DB2,1
DB7,DB4,1
DB7,DD1,1
DB7,I2R,1
DB7,PVCL,1
DB7,PVNR,1
DB7,PVQR,1
DB7,RICL,1
DB7,RMDDL,1
DB7,SIADR,1
DB7,SMDDR,1
DB7,URAVL,1
DB7,VA4,1
DB7,VD2,1
DD1,AS11,1
DD1,ASHR,1
DD1,ASJL,1
DD1,M5,1
DD1,PVWR,1
DD1,RMDVR,1
DD1,URYVR,1
DD1,VB2,1
DD1,VD12,1
DD2,AIML,1
DD2,ALNR,1
DD2,BDUL,1
DD2,CEPDL,1
DD2,DB3,1
DD2,VC1,1
DD3,AVAL,1
DD3,DB2,1
DD3,HSNL,1
DD3,PVT,1
DD3,RMGL,1
DD4,AIYR,1
DD4,ASHR,1
DD5,RICL,1
DD5,RMER,1
DD5,VB11,1
DD6,AVBL,1
DD6,AWCR,1
DD6,BDUL,1
DD6,DB3,1
DD6,DD3,1
DD6,I5,1
DD6,IL2VR,1
DD6,OLQVL,1
DD6,RIGR,1
DD6,RIML,1
DD6,RMEL,1
DD6,SMBVR,1
DD6,SMDVR,1
DD6,VA9,1
DD6,VD11,1
DD6,VD9,1
DVA,ADAL,1
DVA,ADFR,1
DVA,AIAL,1
DVA,AIML,1
DVA,AIYR,1
DVA,AS4,1
DVA,AVAL,1
DVA,AVAR,1
DVA,AVBR,1
DVA,AVDL,1
DVA,AVDR,1
DVA,AVJL,1
DVA,AVKL,1
DVA,AVM,1
DVA,CEPDL,1
DVA,CEPDR,1
DVA,CEPVR,1
DVA,DA5,1
DVA,DA8,1
DVA,DD2,1
DVA,DD6,1
DVA,DVB,1
DVA,FLPL,1
DVA,I1L,1
DVA,I3,1
DVA,IL1DR,1
DVA,IL2DR,1
DVA,NSML,1
DVA,OLQVL,1
DVA,PHAL,1
DVA,PLML,1
DVA,PLNL,1
DVA,PLNR,1
DVA,PVM,1
DVA,RIAR,1
DVA,RICL,1
DVA,RIGL,1
DVA,RIGR,1
DVA,RIH,1
DVA,RIR,1
DVA,RMEV,1
DVA,RMHL,1
DVA,SAAVL,1
DVA,SABVL,1
DVA,SDQL,1
DVA,SIADL,1
DVA,SIAVR,1
DVA,SMBVR,1
DVA,SMDDL,1
DVA,URADL,1
DVA,URAVL,1
DVA,URYVR,1
DVA,VA9,1
DVA,VB4,1
DVA,VB7,1
DVA,VD13,1
DVA,VD2,1
DVA,VD7,1
DVA,VD8,1
DVA,VD9,1
DVB,ADFR,1
DVB,AFDR,1
DVB,ASHL,1
DVB,AVAL,1
DVB,AVDL,1
DVB,AVG,1
DVB,AVJR,1
DVB,DB1,1
DVB,DB6,1
DVB,PHAR,1
DVB,PHBR,1
DVB,RIGL,1
DVB,RIH,1
DVB,SIBDR,1
DVB,URAVL,1
DVC,AIMR,1
DVC,ASGR,1
DVC,ASHL,1
DVC,AUAR,1
DVC,AVKL,1
DVC,AVL,1
DVC,AWBR,1
DVC,BDUL,1
DVC,DA5,1
DVC,DVB,1
DVC,I1R,1
DVC,I2R,1
DVC,I5,1
DVC,IL2VR,1
DVC,PDEL,1
DVC,PLML,1
DVC,PLNR,1
DVC,PVT,1
DVC,RIFR,1
DVC,RMEL,1
DVC,RMEV,1
DVC,RMFR,1
DVC,RMGL,1
DVC,RMGR,1
DVC,SAADR,1
DVC,SIAVR,1
DVC,SMDDR,1
DVC,URAVL,1
DVC,URXL,1
DVC,VD11,1
DVC,VD3,1
FLPL,AIMR,1
FLPL,AVAR,1
FLPL,AVEL,1
FLPL,AVHL,1
FLPL,AVJL,1
FLPL,AVKL,1
FLPL,BAGL,1
FLPL,CEPVR,1
FLPL,DD3,1
FLPL,OLLL,1
FLPL,PDER,1
FLPL,PVQL,1
FLPL,RIAR,1
FLPL,RIVL,1
FLPL,RMDR,1
FLPL,RMDVR,1
FLPL,VA11,1
FLPL,VC6,1
FLPL,VD6,1
FLPR,ADER,1
FLPR,AIBL,1
FLPR,AIZL,1
FLPR,AS2,1
FLPR,AVBR,1
FLPR,AVM,1
FLPR,DD5,1
FLPR,HSNR,1
FLPR,IL1VL,1
FLPR,NSML,1
FLPR,RICL,1
FLPR,RIML,1
FLPR,RIMR,1
FLPR,RMEV,1
FLPR,SDQR,1
FLPR,VA4,1
FLPR,VB11,1
FLPR,VB3,1
FLPR,VC3,1
FLPR,VD4,1
FLPR,VD8,1
HSNL,AIBL,1
HSNL,AIMR,1
HSNL,ALML,1
HSNL,ALNR,1
HSNL,AVBR,1
HSNL,AVDR,1
HSNL,AVER,1
HSNL,AVJR,1
HSNL,AWAR,1
HSNL,DA4,1
HSNL,DD5,1
HSNL,FLPR,1
HSNL,MCR,1
HSNL,OLLL,1
HSNL,PHCR,1
HSNL,PVDL,1
HSNL,PVWL,1
HSNL,RMGL,1
HSNL,SIADR,1
HSNL,SMBVR,1
HSNL,URAVR,1
HSNL,URXL,1
HSNL,VA11,1
HSNL,VA7,1
HSNL,VD11,1
HSNL,VD6,1
HSNR,ADFL,1
HSNR,ADFR,1
HSNR,AS3,1
HSNR,AS9,1
HSNR,ASEL,1
HSNR,ASIR,1
HSNR,ASJL,1
HSNR,AVAR,1
HSNR,AVJL,1
HSNR,DA7,1
HSNR,DA8,1
HSNR,DD2,1
HSNR,DD6,1
HSNR,IL1VL,1
HSNR,M3R,1
HSNR,PHAR,1
HSNR,PLML,1
HSNR,PLNL,1
HSNR,RIML,1
HSNR,RIMR,1
HSNR,RIPL,1
HSNR,RIR,1
HSNR,RIVR,1
HSNR,RMDL,1
HSNR,RMDVL,1
HSNR,RMDVR,1
HSNR,RMER,1
HSNR,RMEV,1
HSNR,RMGL,1
HSNR,RMHL,1
HSNR,SIADL,1
HSNR,SMDVL,1
HSNR,URYVR,1
HSNR,VA10,1
HSNR,VA3,1
HSNR,VD1,1
HSNR,VD13,1
I1L,ALMR,1
I1L,AVKL,1
I1L,AWAR,1
I1L,DA2,1
I1L,PHAL,1
I1L,PVWR,1
I1L,RIBL,1
I1L,RICR,1
I1L,RMDR,1
I1L,URBR,1
I1L,VA11,1
I1L,VA5,1
I1R,ADFL,1
I1R,AIBL,1
I1R,ASKR,1
I1R,AVBR,1
I1R,DA3,1
I1R,DVC,1
I1R,M4,1
I1R,PDEL,1
I1R,PDER,1
I1R,PQR,1
I1R,PVCR,1
I1R,RMFR,1
I1R,SIAVL,1
I1R,VD13,1
I2L,AINL,1
I2L,ASGR,1
I2L,DA8,1
I2L,LUAL,1
I2L,M4,1
I2L,OLQVL,1
I2L,RIH,1
I2L,RMDDR,1
I2R,ADFR,1
I2R,AS5,1
I2R,ASER,1
I2R,AVBR,1
I2R,AWBL,1
I2R,DD2,1
I2R,PVPL,1
I2R,PVT,1
I2R,RICR,1
I2R,RID,1
I2R,RIFR,1
I2R,RMED,1
I3,AIAL,1
I3,AIZR,1
I3,ASHL,1
I3,OLQVL,1
I3,PDA,1
I3,PDB,1
I3,PVNR,1
I3,RMED,1
I3,RMHR,1
I3,SIBDR,1
I3,SMDDR,1
I3,SMDVL,1
I3,VD3,1
I4,AVAR,1
I4,AVBL,1
I4,AWCL,1
I4,CEPVL,1
I4,M2L,1
I4,PHAL,1
I4,PVCL,1
I4,RIGR,1
I4,RIML,1
I4,SDQR,1
I4,SIAVL,1
I5,AINR,1
I5,ALML,1
I5,ASKL,1
I5,AUAL,1
I5,AVL,1
I5,DA1,1
I5,DD5,1
I5,LUAR,1
I5,M1,1
I5,RIFL,1
I5,RIGL,1
I5,RIS,1
I5,URBR,1
I5,VD1,1
I5,VD5,1
I6,AVAR,1
I6,AVFL,1
I6,BDUL,1
I6,DA2,1
I6,OLLR,1
I6,RIFR,1
I6,RMGL,1
I6,VB11,1
IL1DL,AIAR,1
IL1DL,ASER,1
IL1DL,ASKR,1
IL1DL,AVEL,1
IL1DL,IL1VR,1
IL1DL,M1,1
IL1DL,OLLR,1
IL1DL,SIBDR,1
IL1DL,URXR,1
IL1DL,VA12,1
IL1DR,ADLL,1
IL1DR,AINR,1
IL1DR,AIZL,1
IL1DR,AS4,1
IL1DR,ASIR,1
IL1DR,AVL,1
IL1DR,PVQR,1
IL1DR,RIH,1
IL1DR,RIVR,1
IL1DR,SMDDL,1
IL1DR,URBR,1
IL1DR,VD13,1
IL1L,ADAL,1
IL1L,ADFL,1
IL1L,AIAL,1
IL1L,ASJL,1
IL1L,AVBR,1
IL1L,IL1DL,1
IL1L,M4,1
IL1L,PDA,1
IL1L,PHBR,1
IL1L,PVT,1
IL1L,PVWR,1
IL1L,SMBVL,1
IL1L,VA2,1
IL1L,VD13,1
IL1L,VD9,1
IL1R,ASKR,1
IL1R,AVJR,1
IL1R,DB5,1
IL1R,DB6,1
IL1R,DVB,1
IL1R,M3R,1
IL1R,PVR,1
IL1R,RIBL,1
IL1R,RIBR,1
IL1R,RIH,1
IL1R,RMHR,1
IL1R,SABD,1
IL1R,URXR,1
IL1R,VD4,1
IL1VL,ASER,1
IL1VL,AVFR,1
IL1VL,AVJR,1
IL1VL,DA2,1
IL1VL,DA8,1
IL1VL,OLQVR,1
IL1VL,PVCL,1
IL1VL,RIAL,1
IL1VL,RICR,1
IL1VL,RIPR,1
IL1VL,VA4,1
IL1VL,VD10,1
IL1VR,AIBR,1
IL1VR,ALML,1
IL1VR,AVKL,1
IL1VR,AVL,1
IL1VR,RMDDL,1
IL1VR,RMDR,1
IL1VR,RMGL,1
IL1VR,SIADR,1
IL1VR,VD2,1
IL2DL,AVBL,1
IL2DL,AVJR,1
IL2DL,DD6,1
IL2DL,DVC,1
IL2DL,HSNL,1
IL2DL,I2L,1
IL2DL,IL1R,1
IL2DL,MCL,1
IL2DL,RIBR,1
IL2DL,RIPL,1
IL2DL,VA12,1
IL2DL,VA8,1
IL2DL,VC1,1
IL2DL,VD6,1
IL2DR,AIAL,1
IL2DR,ASGR,1
IL2DR,AVAL,1
IL2DR,AVJL,1
IL2DR,AWCL,1
IL2DR,BAGL,1
IL2DR,DA4,1
IL2DR,FLPL,1
IL2DR,M2L,1
IL2DR,RMED,1
IL2DR,VA10,1
IL2DR,VD3,1
IL2L,AFDL,1
IL2L,AIML,1
IL2L,AIZR,1
IL2L,AVG,1
IL2L,CEPVR,1
IL2L,DA3,1
IL2L,PHBR,1
IL2L,PHCL,1
IL2L,PVCL,1
IL2L,PVPL,1
IL2L,RIGR,1
IL2L,SABVR,1
IL2L,SMBDL,1
IL2L,URAVL,1
IL2L,VB4,1
IL2L,VD4,1
IL2L,VD9,1
IL2R,AINR,1
IL2R,AS2,1
IL2R,AWBR,1
IL2R,DA7,1
IL2R,DVA,1
IL2R,IL1VR,1
IL2R,PVQL,1
IL2R,RIGL,1
IL2R,RMDR,1
IL2R,SDQR,1
IL2R,SMBVR,1
IL2R,URAVL,1
IL2R,URBR,1
IL2R,VB2,1
IL2R,VD3,1
IL2VL,ALNR,1
IL2VL,ASJL,1
IL2VL,ASKR,1
IL2VL,AVG,1
IL2VL,AVJR,1
IL2VL,AWAR,1
IL2VL,OLLL,1
IL2VL,RIBL,1
IL2VL,RIS,1
IL2VL,RMDL,1
IL2VL,VA12,1
IL2VL,VA3,1
IL2VR,ADER,1
IL2VR,ADFL,1
IL2VR,ALML,1
IL2VR,AWCR,1
IL2VR,DA5,1
IL2VR,FLPL,1
IL2VR,IL2R,1
IL2VR,PDER,1
IL2VR,PHAL,1
IL2VR,RMEV,1
IL2VR,SABVL,1
IL2VR,SMBVL,1
IL2VR,VA2,1
IL2VR,VB4,1
IL2VR,VD6,1
LUAL,ADLR,1
LUAL,AFDR,1
LUAL,AS1,1
LUAL,AS8,1
LUAL,AVAR,1
LUAL,AVBL,1
LUAL,AVEL,1
LUAL,DB3,1
LUAL,DD5,1
LUAL,PVCR,1
LUAL,RIGR,1
LUAL,RMDVL,1
LUAL,SDQL,1
LUAR,AIMR,1
LUAR,AQR,1
LUAR,ASJL,1
LUAR,AWBR,1
LUAR,BAGL,1
LUAR,IL1R,1
LUAR,OLQDR,1
LUAR,OLQVR,1
LUAR,PHAL,1
LUAR,PVR,1
LUAR,PVT,1
LUAR,RIVR,1
LUAR,RMDR,1
LUAR,RMER,1
LUAR,RMGL,1
LUAR,SMBDR,1
LUAR,SMDVR,1
M1,DB3,1
M1,RIGL,1
M1,RMDVR,1
M1,SIADR,1
M1,SIAVL,1
M1,SMDDL,1
M1,VA1,1
M2L,AWCR,1
M2L,CEPVR,1
M2L,PDER,1
M2L,PVNL,1
M2L,PVT,1
M2L,RIBR,1
M2L,RID,1
M2L,VB11,1
M2R,AFDL,1
M2R,DVA,1
M2R,FLPL,1
M2R,RIAR,1
M2R,RMDVR,1
M2R,SIADR,1
M2R,VB1,1
M2R,VD6,1
M3L,ADLR,1
M3L,AVDL,1
M3L,IL2L,1
M3R,ADLR,1
M3R,AVM,1
M3R,RIAR,1
M4,ASER,1
M4,AVAR,1
M4,AVDL,1
M4,PDER,1
M4,SIBDR,1
M4,SIBVR,1
M4,VA1,1
M4,VB3,1
M5,AVJL,1
M5,DA7,1
M5,VC6,1
MCL,AIAL,1
MCR,RMDVR,1
MCR,SIADR,1
MCR,URADL,1
MCR,VB7,1
MI,AVDR,1
MI,AVFL,1
MI,AWAL,1
MI,DD1,1
MI,PVNR,1
MI,RIFL,1
MI,RMDVL,1
MI,RMER,1
MI,SIAVR,1
MI,VB10,1
NSML,AVKL,1
NSML,M2L,1
NSML,PVCR,1
NSML,RIAR,1
NSML,RMFR,1
NSML,VD9,1
NSMR,AS9,1
NSMR,ASGR,1
NSMR,DD2,1
NSMR,OLQDL,1
NSMR,RIAR,1
NSMR,RIVL,1
NSMR,VB2,1
NSMR,VD7,1
OLLL,ALML,1
OLLL,AS1,1
OLLL,ASER,1
OLLL,AVDR,1
OLLL,CEPDL,1
OLLL,DB3,1
OLLL,HSNL,1
OLLL,HSNR,1
OLLL,IL2VR,1
OLLL,LUAL,1
OLLL,NSMR,1
OLLL,OLQVR,1
OLLL,RMDDR,1
OLLL,RMED,1
OLLL,SMDDR,1
OLLL,VB1,1
OLLL,VD11,1
OLLL,VD3,1
OLLR,AIZL,1
OLLR,ASIL,1
OLLR,AVAL,1
OLLR,AVBR,1
OLLR,AVEL,1
OLLR,AVFL,1
OLLR,AVJR,1
OLLR,AWCR,1
OLLR,DD1,1
OLLR,IL1R,1
OLLR,IL2DR,1
OLLR,IL2R,1
OLLR,RIFR,1
OLLR,RMDL,1
OLLR,RMDVL,1
OLLR,RMHR,1
OLLR,SAADR,1
OLLR,SIBVR,1
OLLR,SMBVL,1
OLLR,VA11,1
OLLR,VA12,1
OLLR,VA9,1
OLLR,VB7,1
OLLR,VD10,1
OLQDL,AVDL,1
OLQDL,AVJR,1
OLQDL,BDUL,1
OLQDL,BDUR,1
OLQDL,CEPVR,1
OLQDL,IL2VR,1
OLQDL,M1,1
OLQDL,RIR,1
OLQDL,RIS,1
OLQDL,RMDVR,1
OLQDL,RMHR,1
OLQDL,SIBVR,1
OLQDL,URBR,1
OLQDL,VD1,1
OLQDR,AS11,1
OLQDR,AVDL,1
OLQDR,AVEL,1
OLQDR,AWBL,1
OLQDR,DA5,1
OLQDR,DB3,1
OLQDR,I2L,1
OLQDR,LUAL,1
OLQDR,OLQVR,1
OLQDR,RICR,1
OLQDR,RMDL,1
OLQDR,SMBVR,1
OLQDR,VA1,1
OLQVL,AVBR,1
OLQVL,AVDL,1
OLQVL,AWAR,1
OLQVL,AWBL,1
OLQVL,IL2VR,1
OLQVL,M3L,1
OLQVL,OLQVR,1
OLQVL,PVM,1
OLQVL,SABVL,1
OLQVL,SIAVR,1
OLQVL,SIBVR,1
OLQVL,VD2,1
OLQVR,AS4,1
OLQVR,AS8,1
OLQVR,ASIL,1
OLQVR,AVFL,1
OLQVR,AVM,1
OLQVR,CEPVL,1
OLQVR,PDA,1
OLQVR,PVT,1
OLQVR,RIPL,1
OLQVR,SIADR,1
OLQVR,VC2,1
OLQVR,VC3,1
OLQVR,VD3,1
PDA,AS1,1
PDA,AS5,1
PDA,DA4,1
PDA,DA8,1
PDA,I2L,1
PDA,OLLR,1
PDA,RIBL,1
PDA,RIMR,1
PDA,RMFR,1
PDA,RMHL,1
PDA,URYDL,1
PDB,ALML,1
PDB,AUAR,1
PDB,AVJR,1
PDB,DA3,1
PDB,DA8,1
PDB,I4,1
PDB,SABVR,1
PDB,SIBVL,1
PDB,URBL,1
PDEL,ADER,1
PDEL,AQR,1
PDEL,AVAL,1
PDEL,AVAR,1
PDEL,AVBR,1
PDEL,AVDR,1
PDEL,AVER,1
PDEL,DA7,1
PDEL,NSMR,1
PDEL,RMER,1
PDEL,RMGR,1
PDEL,SIBVR,1
PDER,ADFR,1
PDER,AUAR,1
PDER,DVB,1
PDER,IL1VL,1
PDER,M3R,1
PDER,OLQDR,1
PDER,RIR,1
PDER,RIVL,1
PDER,RMER,1
PDER,SMDDL,1
PDER,VA4,1
PDER,VD8,1
PHAL,ADER,1
PHAL,AS3,1
PHAL,ASEL,1
PHAL,ASER,1
PHAL,AVEL,1
PHAL,AVHL,1
PHAL,DD2,1
PHAL,DVB,1
PHAL,PLNR,1
PHAL,RMDDL,1
PHAL,RMDL,1
PHAL,SMDVR,1
PHAL,VB11,1
PHAL,VD9,1
PHAR,ASKR,1
PHAR,AVAR,1
PHAR,AVG,1
PHAR,AVJL,1
PHAR,AWAR,1
PHAR,AWCL,1
PHAR,DD5,1
PHAR,HSNR,1
PHAR,LUAR,1
PHAR,RIBR,1
PHAR,SMBDR,1
PHAR,SMDVR,1
PHAR,VA1,1
PHAR,VD12,1
PHAR,VD4,1
PHBL,AVEL,1
PHBL,AVJR,1
PHBL,AWCL,1
PHBL,DA9,1
PHBL,I5,1
PHBL,OLLL,1
PHBL,PHBR,1
PHBL,PVWR,1
PHBL,RICR,1
PHBL,RID,1
PHBL,RIFL,1
PHBL,RMGL,1
PHBL,SABVR,1
PHBL,SIBVL,1
PHBL,SMDDR,1
PHBL,URYVR,1
PHBL,VB11,1
PHBR,ADFL,1
PHBR,AIBL,1
PHBR,AIZR,1
PHBR,AUAL,1
PHBR,AVER,1
PHBR,AVJL,1
PHBR,AVKR,1
PHBR,AWBL,1
PHBR,CEPDL,1
PHBR,PDER,1
PHBR,PHCR,1
PHBR,RMDDL,1
PHBR,RMHR,1
PHBR,SAADL,1
PHBR,SIBVL,1
PHBR,URBL,1
PHBR,VA5,1
PHBR,VD2,1
PHCL,ALNR,1
PHCL,AS1,1
PHCL,ASER,1
PHCL,AVAL,1
PHCL,AVHL,1
PHCL,AVJL,1
PHCL,AWCR,1
PHCL,IL2VR,1
PHCL,PLNR,1
PHCL,RIFR,1
PHCL,RMDL,1
PHCL,RMFL,1
PHCL,SIBDR,1
PHCR,ADFL,1
PHCR,AIAL,1
PHCR,ALMR,1
PHCR,AS10,1
PHCR,AS2,1
PHCR,AVBL,1
PHCR,AVER,1
PHCR,AWCR,1
PHCR,DA2,1
PHCR,DA7,1
PHCR,OLQDL,1
PHCR,PVPL,1
PHCR,RMDR,1
PHCR,SIADR,1
PHCR,SMBVL,1
PLML,AFDR,1
PLML,DA4,1
PLML,DA5,1
PLML,DD2,1
PLML,RIS,1
PLML,SDQL,1
PLMR,ADLR,1
PLMR,AFDR,1
PLMR,AVAL,1
PLMR,PVPR,1
PLMR,RIVL,1
PLMR,VA2,1
PLNL,AIMR,1
PLNL,AVBL,1
PLNL,AVDR,1
PLNL,AVJR,1
PLNL,CEPDL,1
PLNL,DA5,1
PLNL,IL1L,1
PLNL,PVDL,1
PLNL,PVR,1
PLNL,RIS,1
PLNL,SAADL,1
PLNL,SDQL,1
PLNL,VB6,1
PLNR,AS10,1
PLNR,BDUR,1
PLNR,CEPDL,1
PLNR,PVNL,1
PLNR,RIGL,1
PLNR,RMEL,1
PLNR,SMDDL,1
PLNR,VD6,1
PQR,ADAR,1
PQR,AIYL,1
PQR,ASEL,1
PQR,AVAR,1
PQR,AVBR,1
PQR,AVFR,1
PQR,AWBL,1
PQR,DA5,1
PQR,OLQVR,1
PQR,PHBR,1
PQR,PVCR,1
PQR,RICL,1
PQR,RIVL,1
PQR,RMEV,1
PQR,RMGL,1
PQR,SIADL,1
PQR,SMDDL,1
PQR,VA3,1
PQR,VB6,1
PVCL,ADAL,1
PVCL,ADEL,1
PVCL,ADLR,1
PVCL,AFDL,1
PVCL,AIBR,1
PVCL,AQR,1
PVCL,AS6,1
PVCL,ASEL,1
PVCL,ASHR,1
PVCL,AVJR,1
PVCL,AVM,1
PVCL,AWCR,1
PVCL,BAGR,1
PVCL,CEPDR,1
PVCL,DA5,1
PVCL,DB5,1
PVCL,DD3,1
PVCL,FLPR,1
PVCL,I5,1
PVCL,IL1L,1
PVCL,LUAR,1
PVCL,M2L,1
PVCL,OLLR,1
PVCL,PDB,1
PVCL,PHAL,1
PVCL,PVQL,1
PVCL,PVQR,1
PVCL,RIAR,1
PVCL,RIBR,1
PVCL,RIGR,1
PVCL,RIH,1
PVCL,RMED,1
PVCL,RMER,1
PVCL,SABVL,1
PVCL,SIAVR,1
PVCL,SIBVL,1
PVCL,URXR,1
PVCL,VA10,1
PVCL,VA9,1
PVCL,VB3,1
PVCL,VD1,1
PVCL,VD2,1
PVCL,VD5,1
PVCL,VD6,1
PVCL,VD8,1
PVCR,ADAR,1
PVCR,ADLL,1
PVCR,ADLR,1
PVCR,AIAL,1
PVCR,AIBL,1
PVCR,AIMR,1
PVCR,AINR,1
PVCR,ALMR,1
PVCR,AS2,1
PVCR,AS5,1
PVCR,ASGL,1
PVCR,ASKR,1
PVCR,AVAL,1
PVCR,AVJR,1
PVCR,AWBR,1
PVCR,AWCL,1
PVCR,DA7,1
PVCR,DB2,1
PVCR,DB5,1
PVCR,DD6,1
PVCR,FLPL,1
PVCR,FLPR,1
PVCR,HSNR,1
PVCR,I1R,1
PVCR,I2R,1
PVCR,I3,1
PVCR,IL2L,1
PVCR,LUAR,1
PVCR,M4,1
PVCR,OLQDL,1
PVCR,PLML,1
PVCR,PLNL,1
PVCR,PVNL,1
PVCR,PVQR,1
PVCR,RIAL,1
PVCR,RID,1
PVCR,RIML,1
PVCR,RIMR,1
PVCR,RMDDR,1
PVCR,RMDVL,1
PVCR,RMFR,1
PVCR,RMHR,1
PVCR,SMDDL,1
PVCR,URADR,1
PVCR,URBL,1
PVCR,URXL,1
PVCR,VA3,1
PVCR,VB3,1
PVCR,VC3,1
PVCR,VD4,1
PVCR,VD9,1
PVDL,ASGR,1
PVDL,ASHR,1
PVDL,AVBR,1
PVDL,DB6,1
PVDL,M2L,1
PVDL,M3L,1
PVDL,PVCR,1
PVDL,RICR,1
PVDL,RIH,1
PVDL,RIS,1
PVDL,RIVR,1
PVDL,SAADR,1
PVDL,URADL,1
PVDR,ADAR,1
PVDR,ADFL,1
PVDR,AIMR,1
PVDR,ALML,1
PVDR,AVBL,1
PVDR,AVKR,1
PVDR,DB4,1
PVDR,I2R,1
PVDR,IL2VR,1
PVDR,RIBR,1
PVDR,RIS,1
PVDR,RMHL,1
PVDR,SMBDL,1
PVDR,VD11,1
PVM,AVJR,1
PVM,AWAL,1
PVM,DA7,1
PVM,DVA,1
PVM,PHBL,1
PVM,PVPL,1
PVM,PVT,1
PVM,RMDL,1
PVM,SDQR,1
PVM,SIADL,1
PVM,SMBDL,1
PVNL,ADLR,1
PVNL,AIZR,1
PVNL,ALA,1
PVNL,AVFL,1
PVNL,AVG,1
PVNL,AWBR,1
PVNL,BDUR,1
PVNL,DA3,1
PVNL,DB4,1
PVNL,DB5,1
PVNL,DD1,1
PVNL,DVC,1
PVNL,LUAR,1
PVNL,M4,1
PVNL,PDEL,1
PVNL,PLML,1
PVNL,PLMR,1
PVNL,RIAR,1
PVNL,RICL,1
PVNL,RMGR,1
PVNL,SAAVL,1
PVNL,SIAVR,1
PVNL,SIBDR,1
PVNL,URBL,1
PVNL,VD13,1
PVNL,VD4,1
PVNR,ADLR,1
PVNR,AIAR,1
PVNR,AIBR,1
PVNR,AIZR,1
PVNR,AS3,1
PVNR,AS7,1
PVNR,AVAL,1
PVNR,AVDL,1
PVNR,AVER,1
PVNR,AVJL,1
PVNR,AVL,1
PVNR,CEPDR,1
PVNR,DB2,1
PVNR,IL1VR,1
PVNR,M3L,1
PVNR,MI,1
PVNR,OLQVR,1
PVNR,PDA,1
PVNR,PDB,1
PVNR,PHAR,1
PVNR,PHBR,1
PVNR,PVT,1
PVNR,RIBL,1
PVNR,RICL,1
PVNR,RIH,1
PVNR,RIMR,1
PVNR,RIR,1
PVNR,RMDR,1
PVNR,RMHL,1
PVNR,SIAVR,1
PVNR,SIBVL,1
PVNR,SMBVL,1
PVNR,SMDDL,1
PVNR,URADL,1
PVNR,URYVL,1
PVNR,VB6,1
PVNR,VB7,1
PVNR,VB8,1
PVNR,VC1,1
PVNR,VD11,1
PVNR,VD3,1
PVPL,ADAR,1
PVPL,ADFR,1
PVPL,AFDL,1
PVPL,ALML,1
PVPL,AVAL,1
PVPL,AVER,1
PVPL,AVFR,1
PVPL,AVHR,1
PVPL,AWBL,1
PVPL,BDUR,1
PVPL,DA3,1
PVPL,DB3,1
PVPL,DB7,1
PVPL,DD2,1
PVPL,I1R,1
PVPL,IL2R,1
PVPL,M2R,1
PVPL,M4,1
PVPL,PHBL,1
PVPL,PHCR,1
PVPL,PVWR,1
PVPL,RICR,1
PVPL,RIFR,1
PVPL,RIGL,1
PVPL,RIR,1
PVPL,RMDR,1
PVPL,RMDVL,1
PVPL,RMER,1
PVPL,SIBVR,1
PVPL,SMBDR,1
PVPL,SMDVL,1
PVPL,SMDVR,1
PVPL,URYVL,1
PVPL,VA12,1
PVPL,VA6,1
PVPL,VA8,1
PVPL,VB3,1
PVPL,VC3,1
PVPL,VD6,1
PVPL,VD7,1
PVPR,ADAL,1
PVPR,ADFR,1
PVPR,ASGL,1
PVPR,ASHL,1
PVPR,ASJL,1
PVPR,AUAR,1
PVPR,AVAL,1
PVPR,AVHL,1
PVPR,AVKL,1
PVPR,AVL,1
PVPR,AWAR,1
PVPR,BDUR,1
PVPR,DA5,1
PVPR,DA8,1
PVPR,DD3,1
PVPR,HSNL,1
PVPR,IL1DR,1
PVPR,IL2VR,1
PVPR,LUAL,1
PVPR,MI,1
PVPR,NSML,1
PVPR,PLNL,1
PVPR,PVCL,1
PVPR,PVCR,1
PVPR,RIAR,1
PVPR,RIGR,1
PVPR,RIPL,1
PVPR,RIR,1
PVPR,RMED,1
PVPR,SDQL,1
PVPR,SMBVR,1
PVPR,SMDDR,1
PVPR,URYVL,1
PVPR,VB10,1
PVPR,VB3,1
PVPR,VB6,1
PVPR,VD5,1
PVQL,ADER,1
PVQL,AIAL,1
PVQL,ALMR,1
PVQL,ASHR,1
PVQL,ASIL,1
PVQL,CEPDR,1
PVQL,DA2,1
PVQL,FLPR,1
PVQL,I5,1
PVQL,IL2VR,1
PVQL,M2L,1
PVQL,OLLR,1
PVQL,PVNL,1
PVQL,PVR,1
PVQL,RIBR,1
PVQL,RID,1
PVQL,URYDL,1
PVQL,VB7,1
PVQL,VD1,1
PVQR,ADLR,1
PVQR,AINL,1
PVQR,AIYL,1
PVQR,ALNR,1
PVQR,ASHR,1
PVQR,AVAL,1
PVQR,AVDL,1
PVQR,AVG,1
PVQR,AVHR,1
PVQR,DD5,1
PVQR,HSNR,1
PVQR,OLQDR,1
PVQR,OLQVL,1
PVQR,PDER,1
PVQR,PQR,1
PVQR,PVDL,1
PVQR,PVWL,1
PVQR,RIAL,1
PVQR,RIBR,1
PVQR,RIGR,1
PVQR,RMDDL,1
PVQR,SAADL,1
PVQR,SIADR,1
PVQR,SIBVL,1
PVQR,SMDDR,1
PVQR,URAVR,1
PVQR,VB11,1
PVQR,VD5,1
PVR,ADLR,1
PVR,AIBR,1
PVR,ALNL,1
PVR,AS10,1
PVR,AS4,1
PVR,ASGR,1
PVR,ASJL,1
PVR,AUAL,1
PVR,AUAR,1
PVR,AVDL,1
PVR,AVG,1
PVR,AVHL,1
PVR,AWCR,1
PVR,BDUL,1
PVR,BDUR,1
PVR,CEPDR,1
PVR,DB5,1
PVR,DVA,1
PVR,DVB,1
PVR,FLPL,1
PVR,HSNL,1
PVR,IL1DR,1
PVR,IL2L,1
PVR,MCL,1
PVR,OLLR,1
PVR,RIBR,1
PVR,RID,1
PVR,RIFR,1
PVR,RIGR,1
PVR,RIMR,1
PVR,RMHL,1
PVR,SAADR,1
PVR,SDQL,1
PVR,SIAVR,1
PVR,SIBVR,1
PVR,URBR,1
PVR,VA2,1
PVR,VA8,1
PVR,VB2,1
PVR,VB4,1
PVR,VB7,1
PVR,VC5,1
PVR,VD13,1
PVT,AFDL,1
PVT,AIAR,1
PVT,AINL,1
PVT,AS1,1
PVT,AS11,1
PVT,AS3,1
PVT,ASGL,1
PVT,ASHL,1
PVT,ASHR,1
PVT,AVJL,1
PVT,AWAR,1
PVT,DB1,1
PVT,DB2,1
PVT,FLPR,1
PVT,IL1VL,1
PVT,M2L,1
PVT,M3R,1
PVT,PHCL,1
PVT,PLNL,1
PVT,RIBR,1
PVT,RICL,1
PVT,RID,1
PVT,RIML,1
PVT,RMDDR,1
PVT,RMDVL,1
PVT,RMER,1
PVT,RMEV,1
PVT,RMGR,1
PVT,SAAVR,1
PVT,SMDDL,1
PVT,SMDDR,1
PVT,URXR,1
PVT,VA7,1
PVT,VB7,1
PVT,VD12,1
PVT,VD6,1
PVWL,AS10,1
PVWL,AVDL,1
PVWL,DA3,1
PVWL,I6,1
PVWL,M3L,1
PVWL,PVPR,1
PVWL,PVT,1
PVWL,RMGR,1
PVWL,URXL,1
PVWL,VA2,1
PVWL,VC4,1
PVWL,VC6,1
PVWR,AS8,1
PVWR,ASGR,1
PVWR,AVDL,1
PVWR,AVFL,1
PVWR,DVB,1
PVWR,PDER,1
PVWR,PHAL,1
PVWR,RICL,1
PVWR,RID,1
PVWR,RIR,1
PVWR,VA10,1
PVWR,VB2,1
PVWR,VB6,1
PVWR,VB8,1
PVWR,VD10,1
RIAL,AIMR,1
RIAL,AIZR,1
RIAL,ALML,1
RIAL,AS10,1
RIAL,AS5,1
RIAL,ASHR,1
RIAL,ASJR,1
RIAL,AUAR,1
RIAL,AVDL,1
RIAL,AVER,1
RIAL,AVJR,1
RIAL,AWBL,1
RIAL,AWCL,1
RIAL,BDUL,1
RIAL,CEPVR,1
RIAL,DA9,1
RIAL,DVB,1
RIAL,IL1L,1
RIAL,PVPR,1
RIAL,RIGL,1
RIAL,RMFL,1
RIAL,SABD,1
RIAL,SIAVL,1
RIAL,SMDDR,1
RIAL,URXR,1
RIAL,VA7,1
RIAL,VD1,1
RIAL,VD4,1
RIAL,VD5,1
RIAR,ADER,1
RIAR,ADLR,1
RIAR,AIAL,1
RIAR,AIMR,1
RIAR,ALML,1
RIAR,AS2,1
RIAR,AS7,1
RIAR,AWAR,1
RIAR,DA9,1
RIAR,DB1,1
RIAR,DVB,1
RIAR,IL1VL,1
RIAR,IL1VR,1
RIAR,IL2R,1
RIAR,PDA,1
RIAR,PVM,1
RIAR,RIGL,1
RIAR,RMDDL,1
RIAR,RMDDR,1
RIAR,RMEV,1
RIAR,RMFR,1
RIAR,RMHL,1
RIAR,SMBVL,1
RIAR,URAVL,1
RIAR,URYVL,1
RIAR,VA2,1
RIAR,VB8,1
RIAR,VD3,1
RIBL,AIAL,1
RIBL,AINL,1
RIBL,AIZR,1
RIBL,ASER,1
RIBL,ASKR,1
RIBL,AVAR,1
RIBL,AVBL,1
RIBL,AVKL,1
RIBL,AWBR,1
RIBL,DA1,1
RIBL,DB2,1
RIBL,DD6,1
RIBL,FLPR,1
RIBL,I1R,1
RIBL,I3,1
RIBL,IL1R,1
RIBL,IL2VR,1
RIBL,OLQDR,1
RIBL,OLQVL,1
RIBL,PVPL,1
RIBL,RIPR,1
RIBL,RIS,1
RIBL,RMFR,1
RIBL,RMGL,1
RIBL,URYVR,1
RIBL,VB5,1
RIBL,VD11,1
RIBL,VD2,1
RIBL,VD9,1
RIBR,AIAL,1
RIBR,AVDR,1
RIBR,AVHL,1
RIBR,AVKL,1
RIBR,AWCR,1
RIBR,DA4,1
RIBR,DA5,1
RIBR,IL1DL,1
RIBR,IL2VR,1
RIBR,M5,1
RIBR,OLQVL,1
RIBR,PDER,1
RIBR,PHAL,1
RIBR,PHAR,1
RIBR,PHCL,1
RIBR,PVDL,1
RIBR,PVQR,1
RIBR,RIPL,1
RIBR,RIR,1
RIBR,SMBDL,1
RIBR,SMBVL,1
RIBR,SMBVR,1
RIBR,URAVL,1
RIBR,URXL,1
RIBR,URYDR,1
RIBR,VC1,1
RIBR,VD11,1
RIBR,VD12,1
RIBR,VD13,1
RIBR,VD6,1
RIBR,VD9,1
RICL,AIAL,1
RICL,AIMR,1
RICL,AS11,1
RICL,ASER,1
RICL,ASKR,1
RICL,AVBL,1
RICL,AVEL,1
RICL,AVKL,1
RICL,BAGR,1
RICL,I1L,1
RICL,I6,1
RICL,RID,1
RICL,RIR,1
RICL,SAAVR,1
RICL,SIAVR,1
RICL,SMBVR,1
RICL,SMDDL,1
RICL,SMDDR,1
RICL,VA1,1
RICL,VA2,1
RICL,VA6,1
RICL,VA7,1
RICL,VD12,1
RICR,AIBR,1
RICR,AS10,1
RICR,ASEL,1
RICR,ASGL,1
RICR,AVDL,1
RICR,BDUL,1
RICR,I2R,1
RICR,IL1VR,1
RICR,LUAR,1
RICR,M2L,1
RICR,PHCL,1
RICR,RIAR,1
RICR,RIH,1
RICR,RIMR,1
RICR,RIVR,1
RICR,RMDDL,1
RICR,RMEL,1
RICR,RMHL,1
RICR,SDQL,1
RICR,VA4,1
RICR,VA5,1
RICR,VC1,1
RICR,VD11,1
RICR,VD13,1
RICR,VD9,1
RID,AVJL,1
RID,DA9,1
RID,IL2L,1
RID,M2R,1
RID,M3L,1
RID,MCL,1
RID,PVCL,1
RID,RIBL,1
RID,RIMR,1
RID,RIS,1
RID,VB4,1
RID,VB6,1
RID,VD1,1
RIFL,AVAL,1
RIFL,AVDR,1
RIFL,DA7,1
RIFL,FLPL,1
RIFL,OLLL,1
RIFL,PVCL,1
RIFL,RICL,1
RIFL,RIFR,1
RIFL,SMDVR,1
RIFL,VA12,1
RIFR,AFDR,1
RIFR,AIML,1
RIFR,AINR,1
RIFR,AIYL,1
RIFR,ASHL,1
RIFR,AVAR,1
RIFR,AVDR,1
RIFR,DA1,1
RIFR,DB3,1
RIFR,DVC,1
RIFR,HSNL,1
RIFR,I1L,1
RIFR,NSML,1
RIFR,PVWL,1
RIFR,RIPR,1
RIFR,RMER,1
RIFR,RMEV,1
RIFR,RMGL,1
RIFR,SIADR,1
RIFR,SMDVL,1
RIFR,VA11,1
RIFR,VA5,1
RIFR,VB5,1
RIGL,ADAL,1
RIGL,AIZL,1
RIGL,AS4,1
RIGL,ASEL,1
RIGL,AVAL,1
RIGL,AVJR,1
RIGL,AVKL,1
RIGL,AWCL,1
RIGL,BDUR,1
RIGL,DB5,1
RIGL,HSNL,1
RIGL,I3,1
RIGL,IL1VR,1
RIGL,IL2DL,1
RIGL,IL2DR,1
RIGL,PVCR,1
RIGL,RIPL,1
RIGL,RIPR,1
RIGL,RIR,1
RIGL,SIADL,1
RIGL,SIBVR,1
RIGL,SMDVL,1
RIGL,SMDVR,1
RIGL,VA11,1
RIGL,VA5,1
RIGL,VB9,1
RIGL,VD1,1
RIGL,VD3,1
RIGL,VD4,1
RIGR,ALMR,1
RIGR,ASEL,1
RIGR,ASGR,1
RIGR,ASJL,1
RIGR,AVBL,1
RIGR,AVDR,1
RIGR,AWBL,1
RIGR,CEPDL,1
RIGR,CEPVR,1
RIGR,DA2,1
RIGR,DD6,1
RIGR,I1R,1
RIGR,MI,1
RIGR,NSMR,1
RIGR,OLQVL,1
RIGR,PHBL,1
RIGR,PHCL,1
RIGR,PVPL,1
RIGR,RID,1
RIGR,RIMR,1
RIGR,RMDL,1
RIGR,RMER,1
RIGR,SDQL,1
RIGR,SIADL,1
RIGR,VA12,1
RIGR,VB11,1
RIGR,VB8,1
RIH,ADAL,1
RIH,ADFL,1
RIH,AIBR,1
RIH,ALNL,1
RIH,AQR,1
RIH,AS3,1
RIH,ASHL,1
RIH,AVBL,1
RIH,DVA,1
RIH,OLLR,1
RIH,PDB,1
RIH,PVCL,1
RIH,PVM,1
RIH,PVPL,1
RIH,PVPR,1
RIH,RIBR,1
RIH,RIFR,1
RIH,RMEL,1
RIH,RMFR,1
RIH,RMHL,1
RIH,SIADL,1
RIH,SIAVL,1
RIH,SIAVR,1
RIH,SIBDR,1
RIH,SMBDR,1
RIH,SMDVR,1
RIH,URBR,1
RIH,VC3,1
RIH,VC4,1
RIH,VD3,1
RIML,AFDR,1
RIML,AIAR,1
RIML,AIYR,1
RIML,AIZR,1
RIML,ALMR,1
RIML,AS6,1
RIML,AVDL,1
RIML,AVHR,1
RIML,AWAL,1
RIML,AWAR,1
RIML,AWCL,1
RIML,CEPDR,1
RIML,I1R,1
RIML,I2R,1
RIML,I4,1
RIML,I6,1
RIML,LUAL,1
RIML,M2L,1
RIML,M3L,1
RIML,M4,1
RIML,PDER,1
RIML,PLNL,1
RIML,PVCR,1
RIML,RIS,1
RIML,RMER,1
RIML,SAAVR,1
RIML,URAVR,1
RIML,URYVR,1
RIML,VA1,1
RIMR,ADFL,1
RIMR,AIAL,1
RIMR,AIBL,1
RIMR,AIZL,1
RIMR,AS10,1
RIMR,AS11,1
RIMR,ASHR,1
RIMR,AUAR,1
RIMR,AVFL,1
RIMR,AWCL,1
RIMR,AWCR,1
RIMR,DA3,1
RIMR,DB2,1
RIMR,DD6,1
RIMR,DVC,1
RIMR,I6,1
RIMR,MI,1
RIMR,PLNR,1
RIMR,RIR,1
RIMR,SIADR,1
RIMR,SIBVL,1
RIMR,URAVL,1
RIMR,URYDL,1
RIMR,URYVL,1
RIMR,URYVR,1
RIMR,VC4,1
RIMR,VC5,1
RIPL,AIAL,1
RIPL,AWCL,1
RIPL,BDUR,1
RIPL,IL2VR,1
RIPL,M3R,1
RIPL,PVQR,1
RIPL,URXL,1
RIPL,VC4,1
RIPL,VD13,1
RIPL,VD8,1
RIPR,ALML,1
RIPR,AS2,1
RIPR,BAGL,1
RIPR,DD1,1
RIPR,DD5,1
RIPR,HSNR,1
RIPR,RIH,1
RIPR,SMDDL,1
RIR,ADFR,1
RIR,ALML,1
RIR,AVAL,1
RIR,AVBL,1
RIR,AVER,1
RIR,AVFR,1
RIR,AWCR,1
RIR,BDUR,1
RIR,CEPDL,1
RIR,DA2,1
RIR,DA7,1
RIR,FLPR,1
RIR,I3,1
RIR,MCR,1
RIR,NSMR,1
RIR,PVNR,1
RIR,RIBR,1
RIR,RIFR,1
RIR,RIPR,1
RIR,RMDL,1
RIR,SAADL,1
RIR,SABVR,1
RIR,SMDDR,1
RIR,VA10,1
RIR,VB1,1
RIR,VC6,1
RIR,VD12,1
RIS,AIZR,1
RIS,ALNR,1
RIS,AWAL,1
RIS,AWBL,1
RIS,CEPDL,1
RIS,DA1,1
RIS,DB5,1
RIS,DD2,1
RIS,DD5,1
RIS,IL1DL,1
RIS,IL2R,1
RIS,OLLL,1
RIS,OLQVL,1
RIS,PHCR,1
RIS,PLML,1
RIS,PVNL,1
RIS,PVWL,1
RIS,RIR,1
RIS,SAAVR,1
RIS,SIAVR,1
RIS,SMDDL,1
RIS,SMDVL,1
RIS,URADL,1
RIS,URBL,1
RIS,VA2,1
RIS,VA3,1
RIS,VA7,1
RIS,VD13,1
RIS,VD3,1
RIVL,AVG,1
RIVL,AVL,1
RIVL,I3,1
RIVL,M4,1
RIVL,PQR,1
RIVL,RIAR,1
RIVL,RIS,1
RIVL,RMFR,1
RIVL,RMHL,1
RIVL,SAADL,1
RIVL,SMBVL,1
RIVL,SMBVR,1
RIVL,SMDDL,1
RIVR,AIYR,1
RIVR,ASGL,1
RIVR,ASHL,1
RIVR,AVAL,1
RIVR,DD1,1
RIVR,IL1R,1
RIVR,PLNR,1
RIVR,RICR,1
RIVR,RIH,1
RIVR,RMER,1
RIVR,RMHR,1
RIVR,SIAVL,1
RIVR,VA1,1
RIVR,VA3,1
RIVR,VD7,1
RMDDL,ASIR,1
RMDDL,AVKL,1
RMDDL,AWAR,1
RMDDL,BDUR,1
RMDDL,DA8,1
RMDDL,M3L,1
RMDDL,PVDR,1
RMDDL,RIH,1
RMDDL,SIADL,1
RMDDL,SMBVL,1
RMDDL,SMDDL,1
RMDDL,SMDVL,1
RMDDL,VB11,1
RMDDL,VB5,1
RMDDL,VC5,1
RMDDR,ADFR,1
RMDDR,AIAL,1
RMDDR,ALML,1
RMDDR,ASKR,1
RMDDR,AVFR,1
RMDDR,AVJR,1
RMDDR,AWAL,1
RMDDR,RIGL,1
RMDDR,RMHR,1
RMDDR,VA8,1
RMDL,ADFR,1
RMDL,AIZR,1
RMDL,ALMR,1
RMDL,ALNL,1
RMDL,AS1,1
RMDL,AVDL,1
RMDL,AVER,1
RMDL,DA5,1
RMDL,DA7,1
RMDL,DA9,1
RMDL,DD3,1
RMDL,DD4,1
RMDL,DVA,1
RMDL,DVC,1
RMDL,M2R,1
RMDL,NSML,1
RMDL,NSMR,1
RMDL,PHBR,1
RMDL,PLNL,1
RMDL,PVDR,1
RMDL,PVWR,1
RMDL,RICR,1
RMDL,RIR,1
RMDL,SAADL,1
RMDL,SABD,1
RMDL,SDQL,1
RMDL,SIBVL,1
RMDL,URBR,1
RMDL,VA10,1
RMDL,VA3,1
RMDL,VB3,1
RMDR,AFDL,1
RMDR,AIBL,1
RMDR,AS11,1
RMDR,AS6,1
RMDR,ASHR,1
RMDR,ASKL,1
RMDR,AVAR,1
RMDR,AVFR,1
RMDR,AVG,1
RMDR,CEPDL,1
RMDR,PQR,1
RMDR,PVPR,1
RMDR,RMED,1
RMDR,RMGR,1
RMDR,URADR,1
RMDR,URAVR,1
RMDVL,AFDR,1
RMDVL,ALML,1
RMDVL,AVAR,1
RMDVL,DA9,1
RMDVL,DVA,1
RMDVL,I1R,1
RMDVL,I4,1
RMDVL,IL2DR,1
RMDVL,PHAR,1
RMDVL,PQR,1
RMDVL,RIAR,1
RMDVL,RMDDR,1
RMDVL,SMBVL,1
RMDVL,URXR,1
RMDVL,VB1,1
RMDVL,VB2,1
RMDVR,AS11,1
RMDVR,AVAL,1
RMDVR,AVBR,1
RMDVR,AVDL,1
RMDVR,AVHR,1
RMDVR,AVKL,1
RMDVR,CEPDR,1
RMDVR,DA2,1
RMDVR,DA9,1
RMDVR,DB3,1
RMDVR,DD3,1
RMDVR,DVB,1
RMDVR,PHBR,1
RMDVR,RIBL,1
RMDVR,RIML,1
RMDVR,RIPR,1
RMDVR,RMFL,1
RMDVR,SAAVL,1
RMDVR,SDQL,1
RMDVR,SMDDR,1
RMDVR,URADL,1
RMDVR,VD11,1
RMED,AS4,1
RMED,AS9,1
RMED,ASHL,1
RMED,ASIR,1
RMED,AVL,1
RMED,DA6,1
RMED,DB7,1
RMED,M5,1
RMED,NSML,1
RMED,PHCL,1
RMED,VD1,1
RMEL,AWCR,1
RMEL,PVCL,1
RMEL,RIS,1
RMEL,SIAVR,1
RMEL,VD4,1
RMER,AIBR,1
RMER,AIYL,1
RMER,RIAL,1
RMER,RIFL,1
RMER,URYVL,1
RMER,VD9,1
RMEV,AIYR,1
RMEV,ASEL,1
RMEV,DD3,1
RMEV,DD5,1
RMEV,LUAR,1
RMEV,PVPL,1
RMEV,PVT,1
RMEV,RIPR,1
RMEV,RIS,1
RMEV,RMDDL,1
RMEV,RMDDR,1
RMEV,RMEL,1
RMEV,SMBVR,1
RMEV,URXR,1
RMEV,VA2,1
RMEV,VD7,1
RMFL,AIYR,1
RMFL,AVBL,1
RMFL,AVEL,1
RMFL,DA7,1
RMFL,DA9,1
RMFL,DB1,1
RMFL,IL2VL,1
RMFL,OLLL,1
RMFL,PVCL,1
RMFL,PVCR,1
RMFL,RICR,1
RMFL,RIPR,1
RMFL,SAADR,1
RMFL,VA11,1
RMFL,VD2,1
RMFL,VD4,1
RMFR,I2R,1
RMFR,PHCL,1
RMFR,RICR,1
RMFR,RMDR,1
RMFR,URBR,1
RMFR,VD9,1
RMGL,AIZL,1
RMGL,ALA,1
RMGL,ASGR,1
RMGL,AUAL,1
RMGL,AVEL,1
RMGL,AVHR,1
RMGL,DD4,1
RMGL,DVA,1
RMGL,DVC,1
RMGL,IL1L,1
RMGL,LUAL,1
RMGL,M2L,1
RMGL,MI,1
RMGL,PDER,1
RMGL,PHBL,1
RMGL,PLNR,1
RMGL,PVPL,1
RMGL,PVWR,1
RMGL,RIAR,1
RMGL,RIBL,1
RMGL,RIMR,1
RMGL,RMEV,1
RMGL,SIBDR,1
RMGL,SIBVL,1
RMGL,SMBDR,1
RMGL,SMBVL,1
RMGL,SMDVL,1
RMGL,SMDVR,1
RMGL,VB5,1
RMGL,VB9,1
RMGL,VD11,1
RMGL,VD13,1
RMGL,VD6,1
RMGR,AFDR,1
RMGR,AIYL,1
RMGR,ALML,1
RMGR,ASGL,1
RMGR,ASHR,1
RMGR,ASJL,1
RMGR,AVAR,1
RMGR,AVDR,1
RMGR,AVEL,1
RMGR,AVER,1
RMGR,AVHR,1
RMGR,AVJL,1
RMGR,AVKR,1
RMGR,DB1,1
RMGR,OLLL,1
RMGR,PDA,1
RMGR,PVDL,1
RMGR,PVPR,1
RMGR,PVQR,1
RMGR,PVT,1
RMGR,RIFR,1
RMGR,RIPL,1
RMGR,RIR,1
RMGR,RMDL,1
RMGR,RMEL,1
RMGR,RMEV,1
RMGR,SIADR,1
RMGR,SMBDR,1
RMGR,SMDVL,1
RMGR,VA12,1
RMGR,VB5,1
RMGR,VC5,1
RMGR,VD4,1
RMHL,ASGL,1
RMHL,ASKL,1
RMHL,AWBR,1
RMHL,M2L,1
RMHL,OLQDR,1
RMHL,PVPL,1
RMHL,RIFR,1
RMHL,RIR,1
RMHL,SIADR,1
RMHL,VB1,1
RMHL,VC1,1
RMHL,VD11,1
RMHL,VD5,1
RMHR,ADFL,1
RMHR,AS5,1
RMHR,AVKL,1
RMHR,CEPVR,1
RMHR,RIFL,1
RMHR,RIVR,1
RMHR,SMBDR,1
RMHR,SMDVL,1
RMHR,URADL,1
RMHR,VD4,1
SAADL,ADAR,1
SAADL,AS5,1
SAADL,DB4,1
SAADL,DD4,1
SAADL,DVC,1
SAADL,LUAR,1
SAADL,PDA,1
SAADL,PHBR,1
SAADL,RICL,1
SAADL,RIGR,1
SAADL,RIPR,1
SAADL,RMGL,1
SAADL,SIBDR,1
SAADL,SIBVL,1
SAADL,SMDVL,1
SAADL,VA12,1
SAADR,AVER,1
SAADR,AVFR,1
SAADR,AVJL,1
SAADR,DB4,1
SAADR,IL2L,1
SAADR,M4,1
SAADR,PHBR,1
SAADR,PVCR,1
SAADR,PVWL,1
SAADR,RID,1
SAADR,RIGR,1
SAADR,RMED,1
SAADR,SMBDL,1
SAADR,SMBVL,1
SAADR,URADR,1
SAADR,URXL,1
SAADR,VA5,1
SAAVL,AIBR,1
SAAVL,AS10,1
SAAVL,AVHL,1
SAAVL,AWCL,1
SAAVL,DB7,1
SAAVL,DD5,1
SAAVL,DVC,1
SAAVL,NSMR,1
SAAVL,PHAR,1
SAAVL,PLNR,1
SAAVL,PVCR,1
SAAVL,RIBR,1
SAAVL,RIVR,1
SAAVL,RMGL,1
SAAVL,SDQL,1
SAAVL,SIADL,1
SAAVL,SIAVL,1
SAAVL,SIAVR,1
SAAVL,SMDDR,1
SAAVL,SMDVR,1
SAAVL,VA11,1
SAAVL,VC6,1
SAAVL,VD1,1
SAAVR,ASJL,1
SAAVR,ASKL,1
SAAVR,AVAL,1
SAAVR,DA7,1
SAAVR,DB5,1
SAAVR,DD1,1
SAAVR,HSNL,1
SAAVR,IL1DL,1
SAAVR,MCL,1
SAAVR,OLQVL,1
SAAVR,PHBR,1
SAAVR,PHCL,1
SAAVR,PHCR,1
SAAVR,RIGR,1
SAAVR,RIS,1
SAAVR,RMDDR,1
SAAVR,RMDVR,1
SAAVR,SMBDL,1
SAAVR,VA11,1
SAAVR,VB2,1
SABD,AS11,1
SABD,ASHL,1
SABD,IL1DR,1
SABD,RMDVR,1
SABD,RMED,1
SABD,VA12,1
SABVL,AVEL,1
SABVL,VA6,1
SABVL,VD7,1
SABVR,ASGL,1
SABVR,RICR,1
SABVR,URBL,1
SABVR,URXR,1
SDQL,ADFR,1
SDQL,ALNR,1
SDQL,AS8,1
SDQL,AVBR,1
SDQL,AVKL,1
SDQL,BDUR,1
SDQL,DD5,1
SDQL,I1L,1
SDQL,I2R,1
SDQL,IL1VR,1
SDQL,M4,1
SDQL,RIAL,1
SDQL,RMDR,1
SDQL,RMDVL,1
SDQL,SABD,1
SDQL,SIAVL,1
SDQL,URXR,1
SDQL,VA3,1
SDQL,VB8,1
SDQL,VC5,1
SDQR,AIMR,1
SDQR,AS1,1
SDQR,AS10,1
SDQR,ASGL,1
SDQR,AVER,1
SDQR,AWCL,1
SDQR,DA4,1
SDQR,DA8,1
SDQR,DB3,1
SDQR,HSNR,1
SDQR,IL1R,1
SDQR,IL1VL,1
SDQR,RICR,1
SDQR,RIS,1
SDQR,RMDVL,1
SDQR,RMGL,1
SDQR,SIAVL,1
SDQR,VA4,1
SDQR,VB2,1
SDQR,VD12,1
SIADL,AIAL,1
SIADL,AS11,1
SIADL,ASKR,1
SIADL,AVHR,1
SIADL,FLPL,1
SIADL,IL2L,1
SIADL,RIBL,1
SIADL,RIML,1
SIADL,URBR,1
SIADL,VB8,1
SIADL,VD3,1
SIADL,VD5,1
SIADR,ADFL,1
SIADR,AIAL,1
SIADR,AIML,1
SIADR,AIZR,1
SIADR,ASHR,1
SIADR,CEPDR,1
SIADR,DD2,1
SIADR,DD5,1
SIADR,PVT,1
SIADR,RMDVR,1
SIADR,SAAVR,1
SIADR,SABVR,1
SIADR,VA2,1
SIAVL,AIBL,1
SIAVL,AS11,1
SIAVL,AVJR,1
SIAVL,CEPDL,1
SIAVL,DB4,1
SIAVL,PVDR,1
SIAVL,PVNR,1
SIAVL,RIVR,1
SIAVL,RMDL,1
SIAVL,RMDVR,1
SIAVL,RMGR,1
SIAVL,URADL,1
SIAVL,VC1,1
SIAVR,AIAR,1
SIAVR,AUAL,1
SIAVR,AVBL,1
SIAVR,DA9,1
SIAVR,IL2R,1
SIAVR,PVDL,1
SIAVR,RIBR,1
SIAVR,RMGR,1
SIAVR,URYDR,1
SIAVR,VB2,1
SIBDL,ASEL,1
SIBDL,ASGL,1
SIBDL,AVDR,1
SIBDL,I1L,1
SIBDL,IL2DR,1
SIBDL,M3L,1
SIBDL,PVPR,1
SIBDL,PVR,1
SIBDL,RIS,1
SIBDL,RMGL,1
SIBDL,SIBVR,1
SIBDR,ADLL,1
SIBDR,ASKL,1
SIBDR,PVM,1
SIBDR,RIBL,1
SIBDR,RIGL,1
SIBDR,SAAVR,1
SIBDR,SMDVR,1
SIBVL,AIAR,1
SIBVL,AIMR,1
SIBVL,AIYR,1
SIBVL,AS4,1
SIBVL,AUAL,1
SIBVL,AVFR,1
SIBVL,DB6,1
SIBVL,DD1,1
SIBVL,DD3,1
SIBVL,IL1DL,1
SIBVL,IL2VR,1
SIBVL,PHCR,1
SIBVL,PVNL,1
SIBVL,SDQR,1
SIBVL,URYVL,1
SIBVL,VB3,1
SIBVL,VC1,1
SIBVR,AFDL,1
SIBVR,ASHR,1
SIBVR,ASKL,1
SIBVR,AVBR,1
SIBVR,AVER,1
SIBVR,CEPDR,1
SIBVR,DD5,1
SIBVR,I1R,1
SIBVR,OLQVR,1
SIBVR,PLNR,1
SIBVR,RIAL,1
SIBVR,RMFL,1
SIBVR,RMGR,1
SIBVR,SMBDL,1
SIBVR,URYDR,1
SIBVR,VB3,1
SIBVR,VB6,1
SMBDL,ADFR,1
SMBDL,AFDL,1
SMBDL,AIZR,1
SMBDL,AS11,1
SMBDL,ASKR,1
SMBDL,AWAR,1
SMBDL,AWBR,1
SMBDL,BAGR,1
SMBDL,DB7,1
SMBDL,OLQDL,1
SMBDL,PDEL,1
SMBDL,PHBL,1
SMBDL,SABD,1
SMBDL,VA11,1
SMBDL,VB1,1
SMBDL,VC6,1
SMBDR,ASKL,1
SMBDR,AVJR,1
SMBDR,AWBR,1
SMBDR,NSMR,1
SMBDR,OLLL,1
SMBDR,PHBL,1
SMBDR,PLNR,1
SMBDR,PVDR,1
SMBDR,PVT,1
SMBDR,RICR,1
SMBDR,RIGL,1
SMBDR,RMER,1
SMBDR,SABVR,1
SMBDR,VB3,1
SMBDR,VB8,1
SMBVL,ADER,1
SMBVL,ASKR,1
SMBVL,AVFL,1
SMBVL,AVKL,1
SMBVL,BAGL,1
SMBVL,I1R,1
SMBVL,MI,1
SMBVL,PDA,1
SMBVL,PHCL,1
SMBVL,PVCL,1
SMBVL,RIAL,1
SMBVL,RID,1
SMBVL,RIGR,1
SMBVL,RMHL,1
SMBVL,SIADR,1
SMBVL,SIBVR,1
SMBVR,AIYR,1
SMBVR,AVBL,1
SMBVR,AVER,1
SMBVR,AVJR,1
SMBVR,AWCL,1
SMBVR,DB1,1
SMBVR,DVC,1
SMBVR,IL2L,1
SMBVR,PHAR,1
SMBVR,PHCR,1
SMBVR,RIGL,1
SMBVR,RIML,1
SMBVR,RIVL,1
SMBVR,RMDL,1
SMBVR,RMGL,1
SMBVR,RMHR,1
SMBVR,SMDVL,1
SMBVR,URXR,1
SMBVR,VA10,1
SMBVR,VB3,1
SMDDL,ADER,1
SMDDL,AIZL,1
SMDDL,ALML,1
SMDDL,ASGR,1
SMDDL,ASHR,1
SMDDL,ASJL,1
SMDDL,AVAR,1
SMDDL,AVFL,1
SMDDL,DB1,1
SMDDL,DB3,1
SMDDL,DB5,1
SMDDL,DD6,1
SMDDL,DVA,1
SMDDL,DVC,1
SMDDL,I1R,1
SMDDL,I2R,1
SMDDL,NSMR,1
SMDDL,PHBL,1
SMDDL,PHCL,1
SMDDL,RIGR,1
SMDDL,RMDR,1
SMDDL,VA5,1
SMDDL,VA8,1
SMDDL,VB8,1
SMDDL,VD12,1
SMDDR,ADAL,1
SMDDR,AFDL,1
SMDDR,AVDL,1
SMDDR,AVKL,1
SMDDR,AVL,1
SMDDR,AWBR,1
SMDDR,DB4,1
SMDDR,DVA,1
SMDDR,OLLR,1
SMDDR,PDA,1
SMDDR,PLMR,1
SMDDR,PLNR,1
SMDDR,PQR,1
SMDDR,PVNR,1
SMDDR,PVT,1
SMDDR,RIAL,1
SMDDR,RIAR,1
SMDDR,RID,1
SMDDR,RIML,1
SMDDR,VA1,1
SMDDR,VD10,1
SMDDR,VD5,1
SMDVL,AFDR,1
SMDVL,ASKL,1
SMDVL,AVDR,1
SMDVL,BAGL,1
SMDVL,IL2VR,1
SMDVL,LUAR,1
SMDVL,OLLL,1
SMDVL,PVCL,1
SMDVL,RIH,1
SMDVL,SIBDL,1
SMDVL,SMDVR,1
SMDVL,URBR,1
SMDVL,URXR,1
SMDVL,VA12,1
SMDVL,VB1,1
SMDVL,VB4,1
SMDVL,VD1,1
SMDVL,VD10,1
SMDVL,VD7,1
SMDVR,AIBR,1
SMDVR,ALNR,1
SMDVR,AS1,1
SMDVR,AS11,1
SMDVR,AVAL,1
SMDVR,AWAR,1
SMDVR,I1R,1
SMDVR,IL1VL,1
SMDVR,LUAR,1
SMDVR,NSMR,1
SMDVR,OLQVR,1
SMDVR,PVM,1
SMDVR,PVWL,1
SMDVR,RIBL,1
SMDVR,RMHR,1
SMDVR,SIAVL,1
SMDVR,SIBVL,1
SMDVR,SMBDL,1
SMDVR,URAVR,1
URADL,AINL,1
URADL,DA2,1
URADL,PQR,1
URADL,RMDR,1
URADL,SMBVL,1
URADR,DA7,1
URADR,RMEV,1
URADR,RMFR,1
URADR,SMBVR,1
URADR,SMDDR,1
URAVL,AIBR,1
URAVL,AIMR,1
URAVL,AIYR,1
URAVL,ASEL,1
URAVL,DD4,1
URAVL,HSNL,1
URAVL,I5,1
URAVL,PHBL,1
URAVL,PVPR,1
URAVL,PVT,1
URAVL,RID,1
URAVL,RIPL,1
URAVL,SIBVL,1
URAVL,SMBDR,1
URAVL,VA11,1
URAVR,ADLL,1
URAVR,AIAR,1
URAVR,AIYR,1
URAVR,ASER,1
URAVR,OLLR,1
URAVR,OLQVR,1
URAVR,PVCR,1
URAVR,SAAVR,1
URAVR,SIADL,1
URAVR,SIADR,1
URAVR,SMDVR,1
URAVR,VD11,1
URAVR,VD3,1
URBL,AIAR,1
URBL,AIBL,1
URBL,AIYL,1
URBL,AIYR,1
URBL,ALNR,1
URBL,AS11,1
URBL,AS7,1
URBL,ASIR,1
URBL,DA5,1
URBL,DB5,1
URBL,DD6,1
URBL,HSNL,1
URBL,NSMR,1
URBL,PVPL,1
URBL,RIGL,1
URBL,RIGR,1
URBL,RMDL,1
URBL,SDQR,1
URBL,SMBDR,1
URBL,SMBVL,1
URBL,VA12,1
URBL,VD7,1
URBR,ADAL,1
URBR,AIBL,1
URBR,AIYL,1
URBR,AIZL,1
URBR,AS4,1
URBR,AVBL,1
URBR,AWBL,1
URBR,I4,1
URBR,I5,1
URBR,PHCR,1
URBR,PVQL,1
URBR,PVT,1
URBR,PVWL,1
URBR,RIBL,1
URBR,RICL,1
URBR,RIH,1
URBR,RMDDR,1
URBR,RMED,1
URBR,RMGR,1
URBR,SMBVR,1
URBR,SMDDR,1
URBR,URYVR,1
URBR,VB2,1
URBR,VB3,1
URBR,VB9,1
URBR,VD6,1
URXL,AIZR,1
URXL,ASGR,1
URXL,AVJL,1
URXL,AVKR,1
URXL,AWAL,1
URXL,AWBL,1
URXL,AWCL,1
URXL,DD2,1
URXL,DD6,1
URXL,DVC,1
URXL,HSNL,1
URXL,IL1DL,1
URXL,M3R,1
URXL,OLQVR,1
URXL,PHAL,1
URXL,PVPL,1
URXL,RID,1
URXL,RIMR,1
URXL,RIS,1
URXL,RMDVR,1
URXL,SIAVL,1
URXL,SMBVR,1
URXL,URBL,1
URXL,VD1,1
URXR,AQR,1
URXR,AS3,1
URXR,AS8,1
URXR,ASER,1
URXR,ASHL,1
URXR,AVER,1
URXR,DVA,1
URXR,DVB,1
URXR,FLPR,1
URXR,I4,1
URXR,IL1VR,1
URXR,M2R,1
URXR,OLLR,1
URXR,OLQDL,1
URXR,OLQVR,1
URXR,PVPL,1
URXR,RIBL,1
URXR,RIFL,1
URXR,RIGL,1
URXR,RIR,1
URXR,RMGR,1
URXR,URAVL,1
URXR,URYVR,1
URXR,VB8,1
URXR,VC1,1
URXR,VC5,1
URXR,VD8,1
URYDL,ADFR,1
URYDL,AIYR,1
URYDL,AIZR,1
URYDL,AUAR,1
URYDL,AVDR,1
URYDL,AVEL,1
URYDL,CEPVL,1
URYDL,DA5,1
URYDL,OLLR,1
URYDL,PVPL,1
URYDL,VD12,1
URYDL,VD13,1
URYDL,VD4,1
URYDR,AIBL,1
URYDR,ASER,1
URYDR,AVEL,1
URYDR,DB3,1
URYDR,DVA,1
URYDR,DVC,1
URYDR,I4,1
URYDR,OLQVL,1
URYDR,PLML,1
URYDR,PVCR,1
URYDR,RMDL,1
URYDR,RMDR,1
URYDR,SABD,1
URYDR,SDQL,1
URYDR,SMBDR,1
URYDR,SMBVL,1
URYDR,VA11,1
URYVL,ADAR,1
URYVL,AFDL,1
URYVL,AIBR,1
URYVL,ASGR,1
URYVL,AVG,1
URYVL,AVJL,1
URYVL,DA6,1
URYVL,DB4,1
URYVL,DB5,1
URYVL,FLPL,1
URYVL,IL1R,1
URYVL,IL2R,1
URYVL,MI,1
URYVL,PVNL,1
URYVL,PVPL,1
URYVL,RIAL,1
URYVL,RIAR,1
URYVL,RIBR,1
URYVL,RMFR,1
URYVL,SIBVR,1
URYVL,SMBVL,1
URYVL,VA2,1
URYVL,VA5,1
URYVR,AIZR,1
URYVR,AVEL,1
URYVR,AVHR,1
URYVR,AVJR,1
URYVR,DB4,1
URYVR,DD4,1
URYVR,DD5,1
URYVR,DD6,1
URYVR,PDEL,1
URYVR,PHBL,1
URYVR,RIBL,1
URYVR,RICL,1
URYVR,SABD,1
URYVR,SIBDL,1
URYVR,SMDDR,1
URYVR,VD5,1
VA1,AVBR,1
VA1,AVEL,1
VA1,DD1,1
VA1,RIH,1
VA1,RMDVR,1
VA10,AIBL,1
VA10,ASKR,1
VA10,AVBR,1
VA10,AVJL,1
VA10,DA1,1
VA10,DD3,1
VA10,PVNR,1
VA10,RIAR,1
VA10,RIGR,1
VA10,RMDVR,1
VA10,RMGL,1
VA10,SMDVL,1
VA10,VB6,1
VA10,VC1,1
VA10,VD1,1
VA10,VD6,1
VA11,AIBL,1
VA11,ALML,1
VA11,AQR,1
VA11,AS10,1
VA11,ASHL,1
VA11,AVDR,1
VA11,AVG,1
VA11,AVJR,1
VA11,CEPDL,1
VA11,M3R,1
VA11,MI,1
VA11,PQR,1
VA11,PVCL,1
VA11,PVPL,1
VA11,RICL,1
VA11,RIGR,1
VA11,RMDVL,1
VA11,RMEL,1
VA11,SAAVL,1
VA11,SIADL,1
VA11,SIAVL,1
VA12,ADFR,1
VA12,AIBL,1
VA12,AIZL,1
VA12,AS1,1
VA12,AVJR,1
VA12,I3,1
VA12,IL1R,1
VA12,M3L,1
VA12,PHAR,1
VA12,PHCL,1
VA12,PVPR,1
VA12,PVT,1
VA12,PVWL,1
VA12,RIAL,1
VA12,RIGL,1
VA12,RMDVR,1
VA12,SIAVR,1
VA12,VA4,1
VA12,VB8,1
VA12,VD13,1
VA2,AIZL,1
VA2,AS11,1
VA2,AVDL,1
VA2,BDUR,1
VA2,DD5,1
VA2,IL1VR,1
VA2,PVCL,1
VA2,RIAR,1
VA2,RIBR,1
VA2,RMDDR,1
VA2,URBR,1
VA2,URXR,1
VA2,VD7,1
VA3,AIYR,1
VA3,ALA,1
VA3,AVBL,1
VA3,BAGL,1
VA3,FLPL,1
VA3,FLPR,1
VA3,MI,1
VA3,PHAR,1
VA3,PVNL,1
VA3,RIBR,1
VA3,VA2,1
VA3,VA7,1
VA3,VD12,1
VA4,DB4,1
VA4,PDB,1
VA4,PHBR,1
VA4,PVCR,1
VA4,PVNL,1
VA4,PVPR,1
VA4,RIH,1
VA4,SIBDR,1
VA4,VB4,1
VA4,VC1,1
VA5,AQR,1
VA5,AVEL,1
VA5,AVJL,1
VA5,DD6,1
VA5,M3R,1
VA5,URXR,1
VA5,VB1,1
VA6,AIBL,1
VA6,ASHR,1
VA6,ASKL,1
VA6,AVAL,1
VA6,DB3,1
VA6,I1L,1
VA6,M3R,1
VA6,PVCR,1
VA6,RMED,1
VA6,SIBVR,1
VA6,SMDDR,1
VA6,VB3,1
VA6,VB5,1
VA7,ADFL,1
VA7,AIAL,1
VA7,AIZL,1
VA7,AS11,1
VA7,AVAL,1
VA7,AVDR,1
VA7,PVQL,1
VA7,RIS,1
VA7,RMDVR,1
VA7,SIBVL,1
VA7,URXR,1
VA8,ADFL,1
VA8,AVAL,1
VA8,AWCR,1
VA8,I5,1
VA8,OLLL,1
VA8,PLNL,1
VA8,PVPL,1
VA8,RIMR,1
VA8,RMEL,1
VA8,RMGL,1
VA8,SIBDR,1
VA8,SMBDL,1
VA9,AIAR,1
VA9,AVFL,1
VA9,AWCR,1
VA9,DB2,1
VA9,DD5,1
VA9,DD6,1
VA9,RIML,1
VA9,RIPR,1
VA9,VA12,1
VA9,VA4,1
VA9,VB4,1
VA9,VD12,1
VB1,AFDR,1
VB1,AIAL,1
VB1,AS11,1
VB1,AUAR,1
VB1,AVG,1
VB1,AVJL,1
VB1,AWCL,1
VB1,DB3,1
VB1,I2L,1
VB1,OLQVL,1
VB1,RIMR,1
VB1,RIPR,1
VB1,RMEL,1
VB1,SIBVR,1
VB1,URAVL,1
VB1,VA1,1
VB10,AIML,1
VB10,AS7,1
VB10,ASGR,1
VB10,ASHL,1
VB10,ASKR,1
VB10,AVKR,1
VB10,AVL,1
VB10,DD1,1
VB10,OLQVR,1
VB10,PDEL,1
VB10,PHAR,1
VB10,RMGL,1
VB10,RMHL,1
VB10,SMDVL,1
VB11,ASHL,1
VB11,AUAL,1
VB11,AVDR,1
VB11,AVEL,1
VB11,AVER,1
VB11,DA1,1
VB11,DB3,1
VB11,DVC,1
VB11,OLQVL,1
VB11,PVCR,1
VB11,RID,1
VB11,RMDDR,1
VB11,SIBVL,1
VB11,VB2,1
VB11,VD7,1
VB2,ADLL,1
VB2,AVHL,1
VB2,AWBL,1
VB2,PVDL,1
VB2,PVWL,1
VB2,RIAL,1
VB2,RIH,1
VB2,RIPL,1
VB2,RIPR,1
VB2,URXR,1
VB2,VA4,1
VB2,VA5,1
VB2,VA7,1
VB3,ADER,1
VB3,AFDR,1
VB3,ALMR,1
VB3,AVDR,1
VB3,AVG,1
VB3,IL2L,1
VB3,PVQR,1
VB3,SMDVL,1
VB3,VB10,1
VB4,AIAR,1
VB4,ASJL,1
VB4,AVBL,1
VB4,AVBR,1
VB4,AVEL,1
VB4,AWCR,1
VB4,M3L,1
VB4,NSMR,1
VB4,PVPR,1
VB4,RMHL,1
VB4,SIAVR,1
VB4,SIBVR,1
VB4,URYVL,1
VB4,VA12,1
VB5,AIZL,1
VB5,AS11,1
VB5,ASKL,1
VB5,AVAL,1
VB5,IL1R,1
VB5,RMDDL,1
VB5,SAADR,1
VB6,AIML,1
VB6,AS1,1
VB6,DB2,1
VB6,DD4,1
VB6,I2R,1
VB6,RIAR,1
VB6,RMED,1
VB6,SIADL,1
VB6,VB2,1
VB6,VD11,1
VB6,VD13,1
VB7,ASGL,1
VB7,AVJR,1
VB7,DA8,1
VB7,PHBR,1
VB7,RIBL,1
VB7,RMDDL,1
VB7,RMGL,1
VB7,SMDDR,1
VB7,VA10,1
VB8,AVDL,1
VB8,AVKR,1
VB8,HSNR,1
VB8,NSML,1
VB8,PVNR,1
VB8,RIPL,1
VB8,RMED,1
VB8,SMBVR,1
VB8,SMDDL,1
VB9,AFDL,1
VB9,AIYL,1
VB9,ASHR,1
VB9,AVHL,1
VB9,CEPVR,1
VB9,DB3,1
VB9,PVR,1
VB9,RIS,1
VB9,RMER,1
VB9,URYDR,1
VC1,AINR,1
VC1,ASHR,1
VC1,AVDL,1
VC1,CEPVR,1
VC1,DB7,1
VC1,DD5,1
VC1,PHBL,1
VC1,RIFR,1
VC1,RIVL,1
VC1,RMDDL,1
VC1,SAAVL,1
VC1,SMBDR,1
VC1,SMDVL,1
VC1,URADR,1
VC1,VA4,1
VC1,VB1,1
VC2,ADFL,1
VC2,ADFR,1
VC2,AIAL,1
VC2,AIZR,1
VC2,AVBL,1
VC2,AVDL,1
VC2,DVC,1
VC2,HSNL,1
VC2,M2R,1
VC2,M4,1
VC2,PVWL,1
VC2,RIAL,1
VC2,RIML,1
VC2,RMFL,1
VC2,SMDDL,1
VC2,VA5,1
VC2,VB10,1
VC3,ADLR,1
VC3,AIBL,1
VC3,AIYL,1
VC3,ASGL,1
VC3,ASJL,1
VC3,AVER,1
VC3,AWAL,1
VC3,CEPDL,1
VC3,CEPDR,1
VC3,DB4,1
VC3,M2L,1
VC3,PVNL,1
VC3,RIAL,1
VC3,RIFR,1
VC3,RIVL,1
VC3,RMDDR,1
VC3,RMEV,1
VC3,SAADL,1
VC3,SDQL,1
VC3,SIADR,1
VC3,SMBDR,1
VC3,SMDDR,1
VC3,VA11,1
VC3,VD10,1
VC4,AVJR,1
VC4,DA5,1
VC4,DA7,1
VC4,IL1L,1
VC5,AIAR,1
VC5,AS5,1
VC5,ASJL,1
VC5,BAGL,1
VC5,I2L,1
VC5,PVPR,1
VC5,RIBL,1
VC5,SIBVL,1
VC5,SMDVL,1
VC5,VC1,1
VC6,AIMR,1
VC6,ALMR,1
VC6,AVAR,1
VC6,AVG,1
VC6,DB2,1
VC6,OLQVR,1
VC6,PQR,1
VC6,SMBDL,1
VC6,SMDVL,1
VC6,VA11,1
VD1,AVKR,1
VD1,IL1VL,1
VD1,IL2VL,1
VD1,OLLR,1
VD1,RIAL,1
VD1,RIAR,1
VD1,RIH,1
VD1,RMEV,1
VD1,VB10,1
VD1,VD2,1
VD10,ASGR,1
VD10,DD1,1
VD10,IL2DL,1
VD10,PVQL,1
VD11,ADAL,1
VD11,AVBL,1
VD11,AVFR,1
VD11,DVA,1
VD11,NSMR,1
VD11,OLQVR,1
VD11,PVPL,1
VD11,PVT,1
VD11,RMEV,1
VD11,SMBVL,1
VD11,URBL,1
VD11,URYVR,1
VD12,AIZL,1
VD12,ALNR,1
VD12,AS11,1
VD12,ASHR,1
VD12,ASIL,1
VD12,ASKR,1
VD12,AVDL,1
VD12,AWCL,1
VD12,CEPDL,1
VD12,DD4,1
VD12,HSNL,1
VD12,IL2VR,1
VD12,M4,1
VD12,OLLL,1
VD12,PHCR,1
VD12,RICR,1
VD12,VA2,1
VD13,ADFL,1
VD13,AFDL,1
VD13,AVDL,1
VD13,AWBR,1
VD13,DB2,1
VD13,DB3,1
VD13,PLNL,1
VD13,PVNR,1
VD13,RIAR,1
VD13,RICR,1
VD13,RIGR,1
VD13,RMDR,1
VD13,SIADR,1
VD13,URAVR,1
VD13,URXL,1
VD13,URYVL,1
VD13,VB11,1
VD2,ASHL,1
VD2,AWAL,1
VD2,HSNR,1
VD2,PDA,1
VD2,PHCR,1
VD2,PVR,1
VD2,RMGR,1
VD2,SDQL,1
VD3,AVHL,1
VD3,MI,1
VD3,PVWR,1
VD3,RICL,1
VD3,RIGR,1
VD3,RIR,1
VD3,VA1,1
VD4,AVAL,1
VD4,AVKL,1
VD4,RMDR,1
VD4,VD11,1
VD4,VD13,1
VD5,ADAR,1
VD5,AIAL,1
VD5,FLPL,1
VD5,IL2R,1
VD5,RIPL,1
VD5,SMBDL,1
VD5,URAVL,1
VD5,VA8,1
VD5,VB9,1
VD6,PHBL,1
VD6,RMER,1
VD6,SAAVR,1
VD6,URAVL,1
VD6,URBR,1
VD6,URXL,1
VD6,VD3,1
VD7,AVFL,1
VD7,DD1,1
VD7,RIBR,1
VD7,SIADL,1
VD7,SMBVL,1
VD8,AIBR,1
VD8,AQR,1
VD8,IL1DR,1
VD8,PVCR,1
VD8,SAAVL,1
VD9,IL2VR,1
VD9,PLML,1
VD9,SIAVL,1
VD9,URAVL,1
VD9,VB4,1
VD9,VB6,1
VD9,VB8,1
