ADEL,ADEL
ADEL,ADER
ADEL,ADFL
ADEL,ADFR
ADEL,ADLL
ADEL,AIMR
ADEL,AIYL
ADEL,AIYR
ADEL,AIZL
ADEL,ALML
ADEL,ALMR
ADEL,ALNL
ADEL,ALNR
ADEL,AS1
ADEL,AS11
ADEL,AS2
ADEL,AS3
ADEL,AS5
ADEL,AS6
ADEL,AS7
ADEL,AS9
ADEL,ASEL
ADEL,ASER
ADEL,ASGR
ADEL,ASHL
ADEL,ASHR
ADEL,ASIR
ADEL,AUAL
ADEL,AUAR
ADEL,AVJL
ADEL,AVL
ADEL,AWBR
ADEL,CANL
ADEL,CANR
ADEL,CEPDL
ADEL,CEPDR
ADEL,CEPVL
ADEL,CEPVR
ADEL,DA1
ADEL,DA2
ADEL,DA3
ADEL,DA6
ADEL,DA7
ADEL,DA9
ADEL,DB1
ADEL,DB3
ADEL,DB5
ADEL,DB6
ADEL,DD1
ADEL,DD2
ADEL,DD3
ADEL,DD4
ADEL,DD6
ADEL,DVA
ADEL,FLPR
ADEL,HSNL
ADEL,HSNR
ADEL,I1L
ADEL,I2R
ADEL,I3
ADEL,I6
ADEL,IL1DL
ADEL,IL2DL
ADEL,IL2DR
ADEL,IL2L
ADEL,IL2R
ADEL,IL2VL
ADEL,IL2VR
ADEL,LUAR
ADEL,M2L
ADEL,M4
ADEL,M5
ADEL,NSML
ADEL,NSMR
ADEL,OLLR
ADEL,OLQVR
ADEL,PDA
ADEL,PDEL
ADEL,PDER
ADEL,PHCR
ADEL,PLML
ADEL,PLMR
ADEL,PLNL
ADEL,PLNR
ADEL,PQR
ADEL,PVDR
ADEL,PVQL
ADEL,PVQR
ADEL,PVT
ADEL,RIAL
ADEL,RIAR
ADEL,RIBL
ADEL,RIBR
ADEL,RICL
ADEL,RICR
ADEL,RID
ADEL,RIML
ADEL,RIMR
ADEL,RIS
ADEL,RMDDR
ADEL,RMDL
ADEL,RMDVR
ADEL,RMED
ADEL,RMEL
ADEL,RMER
ADEL,RMEV
ADEL,RMFL
ADEL,SDQR
ADEL,SIADL
ADEL,SIADR
ADEL,SIAVL
ADEL,SIAVR
ADEL,SIBDR
ADEL,SIBVL
ADEL,SIBVR
ADEL,URYDL
ADEL,URYDR
ADEL,URYVL
ADEL,URYVR
ADEL,VA1
ADEL,VA10
ADEL,VA2
ADEL,VA3
ADEL,VA6
ADEL,VA7
ADEL,VA8
ADEL,VB1
ADEL,VB10
ADEL,VB11
ADEL,VB4
ADEL,VB5
ADEL,VB7
ADEL,VB8
ADEL,VB9
ADEL,VD1
ADEL,VD10
ADEL,VD11
ADEL,VD12
ADEL,VD13
ADEL,VD2
ADEL,VD3
ADEL,VD4
ADEL,VD5
ADEL,VD6
ADEL,VD7
ADEL,VD8
ADEL,VD9
ADER,ADER
ADER,ADFL
ADER,ADFR
ADER,ADLL
ADER,ADLR
ADER,AIAL
ADER,AIBL
ADER,AIML
ADER,AIMR
ADER,AIYR
ADER,ALML
ADER,ALMR
ADER,ALNR
ADER,AS1
ADER,AS10
ADER,AS11
ADER,AS4
ADER,AS7
ADER,AS8
ADER,AS9
ADER,ASER
ADER,ASGL
ADER,ASGR
ADER,ASHR
ADER,ASKL
ADER,ASKR
ADER,AUAR
ADER,AVFL
ADER,AVFR
ADER,AVJL
ADER,AVM
ADER,AWBL
ADER,AWBR
ADER,BAGR
ADER,CANR
ADER,CEPDL
ADER,CEPDR
ADER,CEPVL
ADER,CEPVR
ADER,DA2
ADER,DA3
ADER,DA4
ADER,DA5
ADER,DA6
ADER,DA7
ADER,DA9
ADER,DB1
ADER,DB2
ADER,DB3
ADER,DB6
ADER,DD1
ADER,DD3
ADER,DD4
ADER,DD5
ADER,DD6
ADER,DVA
ADER,DVC
ADER,FLPL
ADER,FLPR
ADER,HSNL
ADER,HSNR
ADER,I1L
ADER,I2L
ADER,I2R
ADER,I3
ADER,I4
ADER,I6
ADER,IL1DR
ADER,IL1L
ADER,IL1VL
ADER,IL2DL
ADER,IL2DR
ADER,IL2L
ADER,IL2R
ADER,M2R
ADER,M3L
ADER,M4
ADER,NSML
ADER,NSMR
ADER,PDA
ADER,PDEL
ADER,PDER
ADER,PHCL
ADER,PHCR
ADER,PLNL
ADER,PLNR
ADER,PQR
ADER,PVDL
ADER,PVQL
ADER,PVQR
ADER,PVT
ADER,RIAR
ADER,RIBL
ADER,RIBR
ADER,RICL
ADER,RICR
ADER,RID
ADER,RIML
ADER,RIMR
ADER,RIS
ADER,RMDDL
ADER,RMDR
ADER,RMDVL
ADER,RMDVR
ADER,RMED
ADER,RMHR
ADER,SIADL
ADER,SIADR
ADER,SIAVR
ADER,SIBDL
ADER,SIBDR
ADER,SIBVL
ADER,SIBVR
ADER,URYDL
ADER,URYDR
ADER,URYVL
ADER,URYVR
ADER,VA10
ADER,VA11
ADER,VA2
ADER,VA3
ADER,VA5
ADER,VA6
ADER,VA7
ADER,VA8
ADER,VA9
ADER,VB1
ADER,VB11
ADER,VB4
ADER,VB6
ADER,VB7
ADER,VB8
ADER,VB9
ADER,VD1
ADER,VD10
ADER,VD11
ADER,VD12
ADER,VD13
ADER,VD2
ADER,VD3
ADER,VD4
ADER,VD5
ADER,VD6
ADER,VD7
ADER,VD8
ADER,VD9
ADFL,ADFR
ADFL,AIBL
ADFL,AIBR
ADFL,AIYL
ADFL,AIYR
ADFL,AIZR
ADFL,ALML
ADFL,ALNR
ADFL,AS1
ADFL,AS3
ADFL,ASEL
ADFL,ASHL
ADFL,ASIR
ADFL,ASKL
ADFL,AVM
ADFL,AWCL
ADFL,CANR
ADFL,CEPDL
ADFL,CEPDR
ADFL,CEPVL
ADFL,CEPVR
ADFL,DA1
ADFL,DA2
ADFL,DA6
ADFL,DB2
ADFL,DD1
ADFL,DD3
ADFL,DD4
ADFL,FLPL
ADFL,HSNL
ADFL,HSNR
ADFL,I2L
ADFL,I3
ADFL,IL1L
ADFL,M2R
ADFL,M3R
ADFL,MCR
ADFL,NSML
ADFL,NSMR
ADFL,PDEL
ADFL,PDER
ADFL,PHAL
ADFL,PHCL
ADFL,PHCR
ADFL,PVQL
ADFL,PVQR
ADFL,RIAL
ADFL,RIAR
ADFL,RIBL
ADFL,RIBR
ADFL,RICL
ADFL,RICR
ADFL,RIML
ADFL,RIMR
ADFL,RIS
ADFL,RMDDL
ADFL,RMED
ADFL,RMEL
ADFL,RMHR
ADFL,SIADL
ADFL,SIADR
ADFL,SIAVL
ADFL,SIAVR
ADFL,SIBDL
ADFL,URYDL
ADFL,VA1
ADFL,VA4
ADFL,VA8
ADFL,VB1
ADFL,VB2
ADFL,VB3
ADFL,VD1
ADFL,VD11
ADFL,VD12
ADFL,VD13
ADFL,VD4
ADFL,VD6
ADFL,VD7
ADFL,VD8
ADFL,VD9
ADFR,AIBR
ADFR,AIML
ADFR,AIZL
ADFR,ALMR
ADFR,AS4
ADFR,AS5
ADFR,AS6
ADFR,ASHL
ADFR,AVFL
ADFR,AVL
ADFR,CANL
ADFR,CANR
ADFR,CEPDL
ADFR,CEPDR
ADFR,CEPVL
ADFR,CEPVR
ADFR,DA3
ADFR,DA6
ADFR,DA8
ADFR,DB2
ADFR,DB4
ADFR,DB5
ADFR,DD1
ADFR,DD6
ADFR,HSNL
ADFR,HSNR
ADFR,I1R
ADFR,IL2DR
ADFR,MCL
ADFR,NSML
ADFR,NSMR
ADFR,OLLL
ADFR,PDEL
ADFR,PDER
ADFR,PLMR
ADFR,PLNR
ADFR,PVCL
ADFR,PVDL
ADFR,PVDR
ADFR,PVQL
ADFR,PVQR
ADFR,RIAL
ADFR,RIBR
ADFR,RICL
ADFR,RICR
ADFR,RID
ADFR,RIML
ADFR,RIMR
ADFR,RIS
ADFR,RMDR
ADFR,RMER
ADFR,RMEV
ADFR,RMHL
ADFR,SABVL
ADFR,SIAVL
ADFR,SIBDL
ADFR,SIBVL
ADFR,SIBVR
ADFR,SMDDR
ADFR,SMDVL
ADFR,URYDL
ADFR,URYVR
ADFR,VA1
ADFR,VA4
ADFR,VA9
ADFR,VB10
ADFR,VB3
ADFR,VD1
ADFR,VD10
ADFR,VD12
ADFR,VD13
ADFR,VD2
ADFR,VD3
ADFR,VD4
ADFR,VD5
ADFR,VD6
ADFR,VD7
ADFR,VD8
ADFR,VD9
ADLL,CEPVR
ADLL,PDEL
ADLR,CEPDR
ADLR,CEPVL
ADLR,CEPVR
AFDL,CEPDR
AFDL,PDEL
AFDR,CEPVR
AFDR,PDEL
AIAL,CEPVL
AIAL,CEPVR
AIAL,HSNL
AIAL,PDEL
AIAL,RIMR
AIAR,CEPVL
AIAR,CEPVR
AIAR,HSNL
AIAR,PDEL
AIAR,RIML
AIAR,RIMR
AIBL,CEPDL
AIBL,CEPVR
AIBL,PDEL
AIBL,PDER
AIBR,CEPDL
AIBR,CEPDR
AIBR,CEPVR
AIBR,RIML
AIML,CEPDL
AIML,CEPDR
AIML,CEPVL
AIML,CEPVR
AIML,PDER
AIML,RICR
AIML,RIML
AIML,RIMR
AIMR,CEPDL
AIMR,CEPDR
AIMR,CEPVL
AIMR,CEPVR
AIMR,HSNL
AIMR,NSML
AIMR,NSMR
AIMR,RIML
AIYL,CEPDL
AIYL,CEPDR
AIYL,HSNR
AIYL,NSML
AIYL,NSMR
AIYL,PDEL
AIYL,PDER
AIYL,RIMR
AIYR,CEPDL
AIYR,CEPVR
AIYR,HSNR
AIYR,PDEL
AIYR,PDER
AIYR,RIAL
AIYR,RIMR
AIZL,CEPVL
AIZL,CEPVR
AIZL,HSNL
AIZL,NSML
AIZL,PDEL
AIZL,RIML
AIZR,CEPDL
AIZR,CEPVR
AIZR,NSML
AIZR,NSMR
AIZR,PDEL
AIZR,PDER
AIZR,RIMR
ALML,CEPDL
ALML,CEPVL
ALML,CEPVR
ALML,NSML
ALML,PDER
ALML,RICL
ALML,RICR
ALMR,CEPDL
ALMR,CEPVL
ALMR,CEPVR
ALMR,NSMR
ALMR,PDEL
ALMR,PDER
ALMR,RIMR
ALNL,CEPDL
ALNL,CEPDR
ALNL,CEPVL
ALNL,CEPVR
ALNL,NSMR
ALNL,PDEL
ALNL,PDER
ALNL,RIMR
ALNL,URYDR
ALNR,CEPDL
ALNR,CEPDR
ALNR,CEPVL
ALNR,CEPVR
ALNR,NSMR
ALNR,PDEL
ALNR,RIMR
AS1,CEPDL
AS1,CEPVL
AS1,NSMR
AS1,PDEL
AS1,RIMR
AS10,CEPDL
AS10,CEPDR
AS10,CEPVL
AS10,CEPVR
AS10,HSNL
AS10,RIML
AS10,RIMR
AS11,CEPDR
AS11,CEPVL
AS11,CEPVR
AS11,NSMR
AS11,PDER
AS11,RIML
AS2,CEPDL
AS2,CEPDR
AS2,CEPVL
AS2,CEPVR
AS2,HSNL
AS2,PDER
AS2,RIML
AS3,CEPDL
AS3,CEPVL
AS3,CEPVR
AS3,HSNR
AS3,PDER
AS3,RIML
AS4,CEPDL
AS4,CEPVL
AS4,HSNL
AS4,HSNR
AS4,PDEL
AS4,RIML
AS5,CEPDR
AS5,CEPVR
AS5,HSNL
AS5,PDEL
AS5,RICR
AS5,RIML
AS6,CEPDR
AS6,CEPVL
AS6,HSNR
AS6,PDEL
AS6,PDER
AS6,RIML
AS7,CEPDR
AS7,CEPVR
AS7,HSNL
AS7,HSNR
AS7,PDEL
AS7,RIML
AS8,CEPDL
AS8,CEPVL
AS8,CEPVR
AS8,HSNL
AS8,NSML
AS8,PDEL
AS8,PDER
AS9,CEPVL
AS9,CEPVR
AS9,HSNL
AS9,NSMR
AS9,PDEL
AS9,RIMR
ASEL,CEPVL
ASEL,CEPVR
ASEL,HSNL
ASEL,HSNR
ASEL,NSML
ASEL,RICL
ASEL,RICR
ASEL,RIML
ASER,CEPDL
ASER,CEPVL
ASER,HSNL
ASER,NSML
ASER,NSMR
ASER,PDEL
ASER,RIML
ASER,VA9
ASGL,CEPDL
ASGL,CEPDR
ASGL,CEPVL
ASGL,NSML
ASGL,PDEL
ASGL,PDER
ASGL,RICR
ASGL,RID
ASGL,RIML
ASGR,CEPDL
ASGR,CEPDR
ASGR,CEPVL
ASGR,CEPVR
ASGR,HSNL
ASGR,PDEL
ASGR,PDER
ASGR,RIMR
ASHL,CEPDL
ASHL,CEPDR
ASHL,CEPVL
ASHL,CEPVR
ASHL,PDER
ASHL,RICL
ASHL,RIML
ASHR,CEPDR
ASHR,CEPVL
ASHR,CEPVR
ASHR,HSNR
ASHR,PDEL
ASHR,RICL
ASHR,RIML
ASHR,RIMR
ASIL,CEPDL
ASIL,CEPDR
ASIL,HSNR
ASIL,NSMR
ASIR,CEPDL
ASIR,PDEL
ASKL,CEPDR
ASKL,CEPVL
ASKL,CEPVR
ASKL,HSNL
ASKL,NSMR
ASKL,PDEL
ASKL,PDER
ASKL,RIML
ASKR,CEPDL
ASKR,CEPDR
ASKR,CEPVL
ASKR,CEPVR
ASKR,HSNR
ASKR,PDEL
ASKR,PDER
ASKR,RIML
ASKR,RIMR
AUAL,CEPDL
AUAL,CEPDR
AUAL,CEPVL
AUAL,HSNR
AUAL,NSML
AUAL,NSMR
AUAL,PDEL
AUAL,PDER
AUAL,RIML
AUAR,CEPDL
AUAR,CEPDR
AUAR,CEPVL
AUAR,CEPVR
AUAR,HSNR
AUAR,NSML
AUAR,PDEL
AUAR,PDER
AVBL,PDEL
AVBL,RIML
AVBR,CEPDL
AVBR,CEPVL
AVFL,CEPDL
AVFL,CEPVL
AVFL,CEPVR
AVFL,HSNL
AVFL,HSNR
AVFL,NSMR
AVFR,CEPDL
AVFR,CEPVL
AVFR,HSNR
AVFR,NSML
AVFR,PDEL
AVFR,PDER
AVFR,RIML
AVHL,CEPDR
AVHL,PDEL
AVHR,CEPVL
AVHR,RIMR
AVJL,CEPDR
AVJL,PDEL
AVJL,RIMR
AVJL,SIADL
AVJR,CEPVL
AVJR,CEPVR
AVJR,HSNR
AVJR,NSML
AVJR,NSMR
AVJR,RIML
AVL,CEPDR
AVL,CEPVL
AVL,CEPVR
AVL,HSNL
AVL,PDER
AVL,RIMR
AVM,CEPDL
AVM,CEPVL
AVM,CEPVR
AVM,HSNR
AVM,NSML
AVM,NSMR
AVM,PDER
AVM,RIML
AWBL,CEPDR
AWBL,HSNR
AWBL,NSML
AWBL,PDEL
AWBL,PDER
AWBL,RIML
AWBL,RIMR
AWBR,CEPDL
AWBR,CEPDR
AWBR,CEPVL
AWBR,CEPVR
AWBR,PDEL
AWBR,PDER
AWCL,CEPVL
AWCR,RIML
AWCR,RIMR
BAGL,PDEL
BAGL,PDER
BAGR,CEPDR
BDUL,CEPDR
BDUL,PDEL
BDUR,CEPVL
BDUR,HSNR
CANL,CEPDL
CANL,CEPDR
CANL,CEPVL
CANL,HSNL
CANL,NSMR
CANL,PDEL
CANL,RIML
CANL,RIMR
CANR,CEPDR
CANR,CEPVL
CANR,HSNR
CANR,PDEL
CANR,RIML
CANR,SIBDR
CEPDL,CEPDL
CEPDL,CEPDR
CEPDL,CEPVL
CEPDL,CEPVR
CEPDL,DA1
CEPDL,DA2
CEPDL,DA3
CEPDL,DA4
CEPDL,DA5
CEPDL,DA8
CEPDL,DA9
CEPDL,DB1
CEPDL,DB2
CEPDL,DB6
CEPDL,DB7
CEPDL,DD1
CEPDL,DD2
CEPDL,DD3
CEPDL,DD4
CEPDL,DD5
CEPDL,DD6
CEPDL,DVC
CEPDL,HSNL
CEPDL,HSNR
CEPDL,I1R
CEPDL,I2L
CEPDL,I2R
CEPDL,I4
CEPDL,IL1VL
CEPDL,IL2L
CEPDL,IL2R
CEPDL,IL2VL
CEPDL,M2L
CEPDL,M3L
CEPDL,M3R
CEPDL,M4
CEPDL,M5
CEPDL,MCL
CEPDL,MCR
CEPDL,NSML
CEPDL,NSMR
CEPDL,OLLL
CEPDL,OLQDL
CEPDL,PDA
CEPDL,PDEL
CEPDL,PDER
CEPDL,PHAR
CEPDL,PHCL
CEPDL,PLML
CEPDL,PLMR
CEPDL,PLNL
CEPDL,PLNR
CEPDL,PVDR
CEPDL,PVQL
CEPDL,PVQR
CEPDL,PVT
CEPDL,RIAL
CEPDL,RIAR
CEPDL,RIBL
CEPDL,RIBR
CEPDL,RICL
CEPDL,RICR
CEPDL,RID
CEPDL,RIML
CEPDL,RIMR
CEPDL,RIS
CEPDL,RMDDR
CEPDL,RMDL
CEPDL,RMED
CEPDL,RMEV
CEPDL,RMHL
CEPDL,RMHR
CEPDL,SIADR
CEPDL,SIAVR
CEPDL,SIBDR
CEPDL,SIBVR
CEPDL,SMDDL
CEPDL,SMDDR
CEPDL,URYDL
CEPDL,URYDR
CEPDL,URYVL
CEPDL,URYVR
CEPDL,VA1
CEPDL,VA11
CEPDL,VA2
CEPDL,VA3
CEPDL,VA5
CEPDL,VA7
CEPDL,VA8
CEPDL,VA9
CEPDL,VB1
CEPDL,VB10
CEPDL,VB11
CEPDL,VB2
CEPDL,VB4
CEPDL,VB6
CEPDL,VB7
CEPDL,VB9
CEPDL,VD1
CEPDL,VD10
CEPDL,VD11
CEPDL,VD12
CEPDL,VD13
CEPDL,VD2
CEPDL,VD3
CEPDL,VD4
CEPDL,VD5
CEPDL,VD6
CEPDL,VD7
CEPDL,VD8
CEPDL,VD9
CEPDR,CEPDR
CEPDR,CEPVL
CEPDR,CEPVR
CEPDR,DA1
CEPDR,DA3
CEPDR,DA5
CEPDR,DA6
CEPDR,DA7
CEPDR,DA8
CEPDR,DB1
CEPDR,DB3
CEPDR,DB4
CEPDR,DB5
CEPDR,DB7
CEPDR,DD1
CEPDR,DD2
CEPDR,DD3
CEPDR,DD4
CEPDR,DD5
CEPDR,DD6
CEPDR,DVC
CEPDR,FLPR
CEPDR,HSNL
CEPDR,HSNR
CEPDR,I1L
CEPDR,I2L
CEPDR,I2R
CEPDR,I6
CEPDR,IL1DR
CEPDR,IL1R
CEPDR,IL2DL
CEPDR,IL2L
CEPDR,IL2R
CEPDR,IL2VR
CEPDR,M1
CEPDR,M2R
CEPDR,M3L
CEPDR,M3R
CEPDR,M4
CEPDR,M5
CEPDR,MCL
CEPDR,NSML
CEPDR,NSMR
CEPDR,OLQDR
CEPDR,PDA
CEPDR,PDEL
CEPDR,PDER
CEPDR,PHAR
CEPDR,PHBL
CEPDR,PHCL
CEPDR,PLML
CEPDR,PLMR
CEPDR,PLNR
CEPDR,PQR
CEPDR,PVDL
CEPDR,PVDR
CEPDR,PVQL
CEPDR,PVQR
CEPDR,RIAL
CEPDR,RIBL
CEPDR,RIBR
CEPDR,RICL
CEPDR,RICR
CEPDR,RID
CEPDR,RIML
CEPDR,RIMR
CEPDR,RMDDR
CEPDR,RMDL
CEPDR,RMDR
CEPDR,RMDVL
CEPDR,RMDVR
CEPDR,RMFL
CEPDR,RMHL
CEPDR,SIADL
CEPDR,SIAVL
CEPDR,SIAVR
CEPDR,SIBDL
CEPDR,SIBVR
CEPDR,URYDR
CEPDR,URYVL
CEPDR,URYVR
CEPDR,VA1
CEPDR,VA11
CEPDR,VA12
CEPDR,VA2
CEPDR,VA3
CEPDR,VA5
CEPDR,VA7
CEPDR,VA9
CEPDR,VB1
CEPDR,VB2
CEPDR,VB3
CEPDR,VB4
CEPDR,VB5
CEPDR,VB6
CEPDR,VB7
CEPDR,VB8
CEPDR,VD1
CEPDR,VD10
CEPDR,VD11
CEPDR,VD12
CEPDR,VD13
CEPDR,VD2
CEPDR,VD3
CEPDR,VD4
CEPDR,VD5
CEPDR,VD6
CEPDR,VD7
CEPDR,VD8
CEPDR,VD9
CEPVL,CEPVL
CEPVL,CEPVR
CEPVL,DA1
CEPVL,DA3
CEPVL,DA8
CEPVL,DA9
CEPVL,DB1
CEPVL,DB4
CEPVL,DB5
CEPVL,DB6
CEPVL,DB7
CEPVL,DD1
CEPVL,DD2
CEPVL,DD4
CEPVL,DD6
CEPVL,FLPL
CEPVL,FLPR
CEPVL,HSNL
CEPVL,HSNR
CEPVL,I1L
CEPVL,I1R
CEPVL,I2L
CEPVL,I2R
CEPVL,I4
CEPVL,I6
CEPVL,IL2DL
CEPVL,IL2DR
CEPVL,IL2R
CEPVL,IL2VL
CEPVL,IL2VR
CEPVL,M1
CEPVL,M2R
CEPVL,M3L
CEPVL,M3R
CEPVL,M5
CEPVL,MCL
CEPVL,NSML
CEPVL,NSMR
CEPVL,OLQVR
CEPVL,PDA
CEPVL,PDEL
CEPVL,PDER
CEPVL,PHCR
CEPVL,PLMR
CEPVL,PQR
CEPVL,PVDL
CEPVL,PVQL
CEPVL,PVQR
CEPVL,RIAL
CEPVL,RIAR
CEPVL,RIBR
CEPVL,RICL
CEPVL,RICR
CEPVL,RID
CEPVL,RIML
CEPVL,RIMR
CEPVL,RIS
CEPVL,RMDDL
CEPVL,RMDVL
CEPVL,RMEL
CEPVL,RMFR
CEPVL,SABD
CEPVL,SIADL
CEPVL,SIADR
CEPVL,SIAVL
CEPVL,SIAVR
CEPVL,SIBDL
CEPVL,SIBVL
CEPVL,SIBVR
CEPVL,URYDL
CEPVL,URYVL
CEPVL,URYVR
CEPVL,VA1
CEPVL,VA10
CEPVL,VA11
CEPVL,VA2
CEPVL,VA4
CEPVL,VA5
CEPVL,VA6
CEPVL,VA8
CEPVL,VB1
CEPVL,VB10
CEPVL,VB2
CEPVL,VB3
CEPVL,VB4
CEPVL,VB5
CEPVL,VB7
CEPVL,VD1
CEPVL,VD10
CEPVL,VD11
CEPVL,VD12
CEPVL,VD13
CEPVL,VD2
CEPVL,VD3
CEPVL,VD4
CEPVL,VD5
CEPVL,VD6
CEPVL,VD7
CEPVL,VD8
CEPVL,VD9
CEPVR,CEPVR
CEPVR,DA1
CEPVR,DA4
CEPVR,DA5
CEPVR,DA6
CEPVR,DA8
CEPVR,DA9
CEPVR,DB2
CEPVR,DB3
CEPVR,DB7
CEPVR,DD1
CEPVR,DD3
CEPVR,DD4
CEPVR,DD5
CEPVR,DD6
CEPVR,DVA
CEPVR,FLPL
CEPVR,HSNL
CEPVR,HSNR
CEPVR,I1L
CEPVR,I1R
CEPVR,I2L
CEPVR,I2R
CEPVR,I4
CEPVR,IL2R
CEPVR,IL2VL
CEPVR,IL2VR
CEPVR,M1
CEPVR,M2R
CEPVR,M3L
CEPVR,MCL
CEPVR,MCR
CEPVR,NSML
CEPVR,NSMR
CEPVR,OLQDL
CEPVR,OLQVL
CEPVR,PDA
CEPVR,PDEL
CEPVR,PDER
CEPVR,PHBR
CEPVR,PHCR
CEPVR,PLML
CEPVR,PLMR
CEPVR,PLNL
CEPVR,PLNR
CEPVR,PQR
CEPVR,PVDR
CEPVR,PVQL
CEPVR,PVQR
CEPVR,PVT
CEPVR,RIAL
CEPVR,RIAR
CEPVR,RIBL
CEPVR,RIBR
CEPVR,RICL
CEPVR,RICR
CEPVR,RID
CEPVR,RIML
CEPVR,RIMR
CEPVR,RMDDL
CEPVR,RMDDR
CEPVR,RMDL
CEPVR,RMDR
CEPVR,RMDVL
CEPVR,RMEL
CEPVR,RMER
CEPVR,RMFL
CEPVR,RMHR
CEPVR,SIADL
CEPVR,SIADR
CEPVR,SIAVL
CEPVR,SIAVR
CEPVR,SIBDL
CEPVR,SIBDR
CEPVR,SIBVL
CEPVR,URYDL
CEPVR,URYDR
CEPVR,URYVL
CEPVR,URYVR
CEPVR,VA10
CEPVR,VA3
CEPVR,VA4
CEPVR,VA5
CEPVR,VA6
CEPVR,VA8
CEPVR,VB11
CEPVR,VB2
CEPVR,VB3
CEPVR,VB4
CEPVR,VB5
CEPVR,VB7
CEPVR,VB8
CEPVR,VB9
CEPVR,VD1
CEPVR,VD10
CEPVR,VD11
CEPVR,VD12
CEPVR,VD13
CEPVR,VD2
CEPVR,VD3
CEPVR,VD4
CEPVR,VD6
CEPVR,VD7
CEPVR,VD9
DA1,PDER
DA1,RIMR
DA2,HSNL
DA2,NSML
DA2,PDEL
DA2,PDER
DA3,HSNL
DA3,RIML
DA4,NSML
DA4,NSMR
DA4,PDEL
DA4,PDER
DA4,RIMR
DA5,HSNL
DA5,NSML
DA5,NSMR
DA5,RIMR
DA6,HSNR
DA6,PDER
DA7,HSNR
DA7,NSML
DA7,NSMR
DA7,PDEL
DA7,RIMR
DA8,HSNR
DA8,PDEL
DA8,PDER
DA9,HSNL
DA9,PDEL
DA9,PDER
DA9,RIML
DA9,RIMR
DB1,NSMR
DB1,PDEL
DB1,RIML
DB2,NSML
DB2,PDER
DB2,RIMR
DB3,HSNR
DB3,PDEL
DB3,PDER
DB3,RIMR
DB4,HSNR
DB4,PDEL
DB4,RIML
DB4,RIMR
DB4,RIS
DB5,NSML
DB5,PDER
DB5,PQR
DB5,VD2
DB6,NSML
DB6,PDEL
DB6,PDER
DB6,RIML
DB7,HSNL
DB7,NSML
DB7,RIML
DB7,RIMR
DD1,HSNL
DD1,PDEL
DD1,PDER
DD1,RICL
DD1,RIML
DD1,RIMR
DD2,HSNL
DD2,HSNR
DD2,NSML
DD2,NSMR
DD2,PDEL
DD2,PDER
DD2,RICL
DD2,RIML
DD2,RIMR
DD2,VA12
DD3,HSNL
DD3,NSML
DD3,NSMR
DD3,PDEL
DD3,PDER
DD3,RICL
DD3,RIML
DD3,RIMR
DD4,HSNR
DD4,NSML
DD4,NSMR
DD4,PDEL
DD4,PDER
DD4,RIML
DD4,RIMR
DD5,HSNL
DD5,HSNR
DD5,NSML
DD5,NSMR
DD5,PDEL
DD5,PDER
DD5,RIBL
DD5,RIML
DD5,RIMR
DD5,VD10
DD6,HSNL
DD6,HSNR
DD6,NSML
DD6,PDEL
DD6,PDER
DD6,RIML
DD6,RIMR
DVA,NSML
DVA,PDEL
DVA,PDER
DVA,RIML
DVA,VD5
DVC,HSNR
DVC,NSML
DVC,PDER
FLPL,NSMR
FLPL,PDER
FLPL,RIML
FLPL,RIMR
FLPR,NSML
FLPR,PDEL
FLPR,PDER
FLPR,RIMR
HSNL,HSNR
HSNL,I1L
HSNL,I2L
HSNL,I2R
HSNL,I4
HSNL,I6
HSNL,IL2R
HSNL,IL2VL
HSNL,MCR
HSNL,NSML
HSNL,NSMR
HSNL,PDEL
HSNL,PDER
HSNL,PHCL
HSNL,PHCR
HSNL,PVDL
HSNL,PVDR
HSNL,PVQL
HSNL,PVQR
HSNL,RIAL
HSNL,RIAR
HSNL,RICL
HSNL,RICR
HSNL,RIML
HSNL,RIMR
HSNL,RIS
HSNL,RMED
HSNL,RMFR
HSNL,RMHL
HSNL,SIADL
HSNL,SIADR
HSNL,SIAVL
HSNL,SIAVR
HSNL,URYDL
HSNL,URYDR
HSNL,URYVL
HSNL,URYVR
HSNL,VA10
HSNL,VA4
HSNL,VA5
HSNL,VA6
HSNL,VA8
HSNL,VB6
HSNL,VB9
HSNL,VD10
HSNL,VD11
HSNL,VD12
HSNL,VD13
HSNL,VD3
HSNL,VD4
HSNL,VD5
HSNL,VD6
HSNL,VD8
HSNL,VD9
HSNR,I2L
HSNR,I2R
HSNR,I3
HSNR,IL1VR
HSNR,IL2L
HSNR,IL2VR
HSNR,M2R
HSNR,MCL
HSNR,MCR
HSNR,NSML
HSNR,NSMR
HSNR,PDEL
HSNR,PDER
HSNR,PLNL
HSNR,PVDL
HSNR,PVDR
HSNR,PVQL
HSNR,PVQR
HSNR,RIAL
HSNR,RIAR
HSNR,RIBL
HSNR,RIBR
HSNR,RICL
HSNR,RICR
HSNR,RIML
HSNR,RIMR
HSNR,RIS
HSNR,RMDDL
HSNR,RMDL
HSNR,RMER
HSNR,SIADR
HSNR,SIAVL
HSNR,SIAVR
HSNR,SIBDL
HSNR,SIBDR
HSNR,URYDL
HSNR,URYDR
HSNR,URYVL
HSNR,URYVR
HSNR,VB10
HSNR,VB5
HSNR,VB6
HSNR,VD1
HSNR,VD10
HSNR,VD11
HSNR,VD12
HSNR,VD13
HSNR,VD2
HSNR,VD3
HSNR,VD6
HSNR,VD7
HSNR,VD8
I1L,RIML
I1L,RIMR
I1R,NSML
I1R,PDEL
I1R,RIML
I1R,RIMR
I2L,NSML
I2L,NSMR
I2L,PDER
I2L,RICL
I2L,RIML
I2L,RIMR
I2R,NSML
I2R,NSMR
I2R,PDEL
I2R,PDER
I2R,RICR
I2R,RIML
I3,PDEL
I3,RIML
I4,PDER
I6,PDEL
IL1DL,NSMR
IL1R,RIMR
IL1VR,PDER
IL2DL,NSMR
IL2DL,RIML
IL2DL,RIMR
IL2DL,VD2
IL2DR,NSML
IL2DR,NSMR
IL2DR,PDEL
IL2DR,PDER
IL2L,PDEL
IL2L,PDER
IL2L,RIML
IL2R,RIML
IL2VL,PDER
IL2VL,RIML
IL2VL,RIMR
IL2VR,PDEL
IL2VR,PDER
IL2VR,RIMR
LUAL,PDER
LUAL,RIMR
LUAR,RIML
M1,PDEL
M1,PDER
M1,VD9
M2L,NSML
M2L,NSMR
M2L,PDER
M2L,RIML
M3L,PDEL
M3R,RIMR
M3R,VD1
M4,NSMR
M4,RIML
M5,RIML
M5,RIMR
MCL,PDER
MCL,RIAR
MCR,NSMR
MCR,PDEL
MCR,RIMR
NSML,NSML
NSML,NSMR
NSML,PDA
NSML,PDEL
NSML,PDER
NSML,PHCL
NSML,PLML
NSML,PVQR
NSML,RIAL
NSML,RIAR
NSML,RIBL
NSML,RICL
NSML,RICR
NSML,RID
NSML,RIML
NSML,RIMR
NSML,RIS
NSML,RMDDR
NSML,RMDR
NSML,RMEV
NSML,SABVL
NSML,SIADR
NSML,SIAVR
NSML,SIBVR
NSML,URYDL
NSML,URYDR
NSML,URYVL
NSML,URYVR
NSML,VA12
NSML,VA3
NSML,VA7
NSML,VB1
NSML,VB10
NSML,VB3
NSML,VB5
NSML,VD1
NSML,VD10
NSML,VD11
NSML,VD12
NSML,VD13
NSML,VD2
NSML,VD3
NSML,VD4
NSML,VD5
NSML,VD6
NSML,VD7
NSML,VD8
NSML,VD9
NSMR,NSMR
NSMR,PDA
NSMR,PDEL
NSMR,PDER
NSMR,PHCL
NSMR,PLML
NSMR,PVDL
NSMR,PVDR
NSMR,PVQL
NSMR,PVQR
NSMR,PVT
NSMR,RIAL
NSMR,RIAR
NSMR,RIBL
NSMR,RICL
NSMR,RICR
NSMR,RID
NSMR,RIML
NSMR,RIMR
NSMR,RIS
NSMR,RMDL
NSMR,RMDVR
NSMR,RMED
NSMR,RMEV
NSMR,SIADR
NSMR,SIAVR
NSMR,SIBVR
NSMR,URYDL
NSMR,URYVL
NSMR,VA12
NSMR,VA4
NSMR,VA6
NSMR,VA9
NSMR,VB11
NSMR,VB5
NSMR,VB6
NSMR,VB8
NSMR,VD10
NSMR,VD11
NSMR,VD12
NSMR,VD13
NSMR,VD2
NSMR,VD3
NSMR,VD4
NSMR,VD5
NSMR,VD6
NSMR,VD7
NSMR,VD8
NSMR,VD9
OLLR,PDER
OLQDR,RIML
OLQVL,PDER
PDA,PDER
PDA,RIML
PDEL,PDEL
PDEL,PDER
PDEL,PHBR
PDEL,PLML
PDEL,PLNL
PDEL,PVCR
PDEL,PVDL
PDEL,PVDR
PDEL,PVQL
PDEL,PVQR
PDEL,RIAL
PDEL,RIAR
PDEL,RIBL
PDEL,RIBR
PDEL,RICL
PDEL,RICR
PDEL,RID
PDEL,RIML
PDEL,RIMR
PDEL,RIS
PDEL,RMDDL
PDEL,RMDDR
PDEL,RMDL
PDEL,RMDVL
PDEL,RMDVR
PDEL,RMEL
PDEL,RMER
PDEL,RMFR
PDEL,RMHL
PDEL,RMHR
PDEL,SABD
PDEL,SABVR
PDEL,SDQR
PDEL,SIADL
PDEL,SIAVL
PDEL,SIBVL
PDEL,SMDVL
PDEL,SMDVR
PDEL,URYDL
PDEL,URYDR
PDEL,URYVL
PDEL,URYVR
PDEL,VA11
PDEL,VA12
PDEL,VA2
PDEL,VA3
PDEL,VA4
PDEL,VA6
PDEL,VA7
PDEL,VA9
PDEL,VB2
PDEL,VB3
PDEL,VB4
PDEL,VB6
PDEL,VB8
PDEL,VB9
PDEL,VD1
PDEL,VD10
PDEL,VD11
PDEL,VD12
PDEL,VD13
PDEL,VD2
PDEL,VD3
PDEL,VD4
PDEL,VD5
PDEL,VD6
PDEL,VD7
PDEL,VD8
PDEL,VD9
PDER,PDER
PDER,PHAL
PDER,PHCR
PDER,PLML
PDER,PLNR
PDER,PQR
PDER,PVCR
PDER,PVDL
PDER,PVDR
PDER,PVQL
PDER,PVQR
PDER,RIAL
PDER,RIAR
PDER,RIBL
PDER,RIBR
PDER,RICL
PDER,RICR
PDER,RID
PDER,RIML
PDER,RIMR
PDER,RIS
PDER,RMDDL
PDER,RMDDR
PDER,RMDL
PDER,RMDR
PDER,RMDVL
PDER,RMEL
PDER,RMER
PDER,RMFL
PDER,RMFR
PDER,RMHL
PDER,RMHR
PDER,SDQL
PDER,SIADL
PDER,SIADR
PDER,SIAVL
PDER,SIBDL
PDER,SIBDR
PDER,SMDVR
PDER,URYDL
PDER,URYDR
PDER,URYVL
PDER,URYVR
PDER,VA1
PDER,VA10
PDER,VA11
PDER,VA12
PDER,VA2
PDER,VA4
PDER,VA5
PDER,VA6
PDER,VA7
PDER,VA8
PDER,VA9
PDER,VB1
PDER,VB10
PDER,VB2
PDER,VB6
PDER,VB7
PDER,VB8
PDER,VD1
PDER,VD10
PDER,VD11
PDER,VD12
PDER,VD13
PDER,VD2
PDER,VD3
PDER,VD4
PDER,VD5
PDER,VD6
PDER,VD7
PDER,VD8
PDER,VD9
PHBL,RIMR
PHCL,RICL
PHCR,RIML
PLMR,RIML
PLMR,RIMR
PLNL,RIML
PLNL,RIMR
PLNR,RIML
PQR,RIMR
PVCL,RIMR
PVDL,RIMR
PVQL,RICR
PVQL,RID
PVQL,RIML
PVQR,RIML
PVQR,RIMR
PVT,RICR
PVT,RIML
PVT,RIMR
RIAL,RIML
RIAL,RIMR
RIAR,RIML
RIAR,RIMR
RIAR,VD8
RIBL,RIML
RIBL,RIMR
RIBR,RICR
RIBR,RIML
RIBR,RIMR
RICL,RICR
RICL,RIML
RICL,RIMR
RICL,RMDVL
RICL,RMFR
RICL,SIADL
RICL,URYDL
RICL,URYDR
RICL,URYVR
RICL,VA1
RICL,VA12
RICL,VD2
RICL,VD3
RICL,VD4
RICL,VD7
RICL,VD8
RICR,RICR
RICR,RID
RICR,RIML
RICR,RIMR
RICR,RMDDR
RICR,RMED
RICR,RMEV
RICR,RMFL
RICR,SIBVL
RICR,VA10
RICR,VB5
RICR,VD1
RICR,VD11
RICR,VD5
RID,RIML
RID,RIMR
RIML,RIMR
RIML,RMDR
RIML,RMDVR
RIML,RMEL
RIML,RMER
RIML,RMEV
RIML,RMFL
RIML,SIADL
RIML,SIAVL
RIML,SIAVR
RIML,SMDDL
RIML,URYDR
RIML,VA11
RIML,VA12
RIML,VA2
RIML,VA3
RIML,VA5
RIML,VB10
RIML,VB11
RIML,VB9
RIML,VD1
RIML,VD10
RIML,VD11
RIML,VD12
RIML,VD13
RIML,VD2
RIML,VD3
RIML,VD4
RIML,VD5
RIML,VD6
RIML,VD7
RIML,VD9
RIMR,RIS
RIMR,RMDDL
RIMR,RMDR
RIMR,RMDVL
RIMR,RMDVR
RIMR,RMED
RIMR,RMEL
RIMR,RMER
RIMR,RMEV
RIMR,RMFR
RIMR,SABVR
RIMR,SDQL
RIMR,SIADR
RIMR,SIAVL
RIMR,SIBDR
RIMR,SIBVL
RIMR,URYDR
RIMR,URYVL
RIMR,URYVR
RIMR,VA10
RIMR,VA11
RIMR,VA7
RIMR,VB11
RIMR,VB2
RIMR,VB3
RIMR,VB4
RIMR,VB8
RIMR,VB9
RIMR,VD1
RIMR,VD10
RIMR,VD11
RIMR,VD12
RIMR,VD13
RIMR,VD3
RIMR,VD4
RIMR,VD5
RIMR,VD6
RIMR,VD7
RIMR,VD9
RMDVR,VD8
URYVL,VB7
VB11,VD5
