ADEL,ADEL
ADEL,ADER
ADEL,ADFL
ADEL,ADFR
ADEL,ADLL
ADEL,ADLR
ADEL,AIAR
ADEL,AIBL
ADEL,AIML
ADEL,AIYR
ADEL,AIZR
ADEL,ALML
ADEL,ALMR
ADEL,ALNL
ADEL,AS1
ADEL,AS11
ADEL,AS2
ADEL,AS3
ADEL,AS4
ADEL,AS5
ADEL,AS6
ADEL,AS7
ADEL,ASER
ADEL,ASGL
ADEL,ASGR
ADEL,ASHR
ADEL,ASKL
ADEL,ASKR
ADEL,AUAL
ADEL,AUAR
ADEL,AVFL
ADEL,AVFR
ADEL,AVJR
ADEL,AVM
ADEL,BAGR
ADEL,CANL
ADEL,CANR
ADEL,CEPDL
ADEL,CEPDR
ADEL,CEPVL
ADEL,CEPVR
ADEL,DA6
ADEL,DA8
ADEL,DA9
ADEL,DB1
ADEL,DB2
ADEL,DB5
ADEL,DB6
ADEL,DD1
ADEL,DD2
ADEL,DD3
ADEL,DD4
ADEL,DD5
ADEL,DD6
ADEL,DVA
ADEL,DVC
ADEL,FLPL
ADEL,HSNL
ADEL,HSNR
ADEL,I1L
ADEL,I1R
ADEL,I2L
ADEL,I2R
ADEL,I3
ADEL,I4
ADEL,IL1DR
ADEL,IL2DL
ADEL,IL2DR
ADEL,IL2L
ADEL,IL2R
ADEL,IL2VL
ADEL,M1
ADEL,M2L
ADEL,M3L
ADEL,M3R
ADEL,M5
ADEL,MCL
ADEL,NSML
ADEL,NSMR
ADEL,OLQDL
ADEL,OLQVR
ADEL,PDEL
ADEL,PDER
ADEL,PHCL
ADEL,PHCR
ADEL,PLMR
ADEL,PLNR
ADEL,PQR
ADEL,PVCL
ADEL,PVDR
ADEL,PVQL
ADEL,PVQR
ADEL,RIAL
ADEL,RIAR
ADEL,RIBL
ADEL,RICL
ADEL,RICR
ADEL,RID
ADEL,RIML
ADEL,RIMR
ADEL,RIS
ADEL,RMDDR
ADEL,RMDVL
ADEL,RMDVR
ADEL,RMED
ADEL,RMEL
ADEL,RMER
ADEL,RMEV
ADEL,RMFL
ADEL,RMHL
ADEL,SIADL
ADEL,SIAVL
ADEL,SIAVR
ADEL,SIBDL
ADEL,SIBDR
ADEL,SIBVL
ADEL,SIBVR
ADEL,SMDVL
ADEL,URYDL
ADEL,URYDR
ADEL,URYVL
ADEL,URYVR
ADEL,VA10
ADEL,VA11
ADEL,VA12
ADEL,VA3
ADEL,VA4
ADEL,VA5
ADEL,VA6
ADEL,VA9
ADEL,VB1
ADEL,VB2
ADEL,VB3
ADEL,VB4
ADEL,VB7
ADEL,VB9
ADEL,VD1
ADEL,VD10
ADEL,VD11
ADEL,VD12
ADEL,VD13
ADEL,VD2
ADEL,VD4
ADEL,VD5
ADEL,VD6
ADEL,VD8
ADEL,VD9
ADER,ADER
ADER,ADFL
ADER,ADFR
ADER,AIAL
ADER,AIAR
ADER,AIBR
ADER,AIML
ADER,AIMR
ADER,AIZR
ADER,ALML
ADER,ALMR
ADER,ALNL
ADER,ALNR
ADER,AS1
ADER,AS11
ADER,AS4
ADER,AS8
ADER,ASEL
ADER,ASER
ADER,ASGL
ADER,ASGR
ADER,ASHR
ADER,ASIL
ADER,ASKL
ADER,AUAL
ADER,AVBL
ADER,AVBR
ADER,AVFR
ADER,AVJL
ADER,AVJR
ADER,AVM
ADER,AWBL
ADER,BAGR
ADER,CANL
ADER,CANR
ADER,CEPDL
ADER,CEPDR
ADER,CEPVL
ADER,CEPVR
ADER,DA1
ADER,DA2
ADER,DA3
ADER,DA4
ADER,DA5
ADER,DA6
ADER,DA7
ADER,DB1
ADER,DB2
ADER,DB3
ADER,DB4
ADER,DB5
ADER,DB6
ADER,DB7
ADER,DD1
ADER,DD2
ADER,DD3
ADER,DD4
ADER,DD5
ADER,DD6
ADER,FLPR
ADER,HSNL
ADER,HSNR
ADER,I1R
ADER,I2L
ADER,I2R
ADER,I3
ADER,I4
ADER,I6
ADER,IL1VL
ADER,IL2DL
ADER,IL2DR
ADER,IL2L
ADER,IL2VR
ADER,LUAR
ADER,M4
ADER,MCL
ADER,MCR
ADER,NSML
ADER,NSMR
ADER,OLQDR
ADER,PDEL
ADER,PDER
ADER,PHBL
ADER,PHCR
ADER,PLMR
ADER,PQR
ADER,PVCR
ADER,PVDL
ADER,PVDR
ADER,PVQL
ADER,PVQR
ADER,PVT
ADER,RIAL
ADER,RIAR
ADER,RIBL
ADER,RIBR
ADER,RICL
ADER,RICR
ADER,RID
ADER,RIML
ADER,RIMR
ADER,RIS
ADER,RMDDL
ADER,RMDDR
ADER,RMDL
ADER,RMED
ADER,RMER
ADER,RMEV
ADER,RMFL
ADER,RMHL
ADER,RMHR
ADER,SIADL
ADER,SIADR
ADER,SIAVR
ADER,SIBDL
ADER,SIBVL
ADER,SMDDR
ADER,SMDVR
ADER,URYDL
ADER,URYDR
ADER,URYVL
ADER,URYVR
ADER,VA10
ADER,VA12
ADER,VA2
ADER,VA3
ADER,VA4
ADER,VA5
ADER,VA8
ADER,VA9
ADER,VB1
ADER,VB11
ADER,VB2
ADER,VB5
ADER,VB6
ADER,VB8
ADER,VD1
ADER,VD10
ADER,VD12
ADER,VD13
ADER,VD3
ADER,VD5
ADER,VD6
ADER,VD7
ADER,VD8
ADER,VD9
ADFL,ADFR
ADFL,AFDL
ADFL,AIMR
ADFL,AIYL
ADFL,ALML
ADFL,ALNL
ADFL,AS5
ADFL,ASGR
ADFL,ASHL
ADFL,ASHR
ADFL,ASKR
ADFL,AUAL
ADFL,AUAR
ADFL,AVHR
ADFL,AVL
ADFL,AVM
ADFL,AWBR
ADFL,CANL
ADFL,CEPDL
ADFL,CEPDR
ADFL,CEPVL
ADFL,CEPVR
ADFL,DA5
ADFL,DA9
ADFL,DD1
ADFL,DD2
ADFL,DD4
ADFL,HSNL
ADFL,HSNR
ADFL,I1L
ADFL,I2L
ADFL,I2R
ADFL,I4
ADFL,IL2VR
ADFL,M1
ADFL,M2R
ADFL,NSML
ADFL,NSMR
ADFL,OLLR
ADFL,PDA
ADFL,PDEL
ADFL,PDER
ADFL,PHCR
ADFL,PLNR
ADFL,PVQL
ADFL,RIAL
ADFL,RIBL
ADFL,RIBR
ADFL,RICL
ADFL,RICR
ADFL,RID
ADFL,RIML
ADFL,RIMR
ADFL,RIS
ADFL,RMDDR
ADFL,RMDVR
ADFL,RMFL
ADFL,SIAVL
ADFL,SIAVR
ADFL,URYDL
ADFL,URYDR
ADFL,URYVR
ADFL,VA6
ADFL,VA7
ADFL,VB3
ADFL,VB6
ADFL,VB7
ADFL,VB8
ADFL,VD1
ADFL,VD10
ADFL,VD11
ADFL,VD13
ADFL,VD2
ADFL,VD3
ADFL,VD4
ADFL,VD5
ADFL,VD6
ADFL,VD7
ADFL,VD8
ADFL,VD9
ADFR,AIMR
ADFR,ALML
ADFR,AS10
ADFR,AS4
ADFR,AS8
ADFR,ASEL
ADFR,ASGL
ADFR,ASHR
ADFR,ASKL
ADFR,ASKR
ADFR,AVJL
ADFR,AVL
ADFR,AVM
ADFR,BDUL
ADFR,CANR
ADFR,CEPDL
ADFR,CEPDR
ADFR,CEPVL
ADFR,CEPVR
ADFR,DA4
ADFR,DB1
ADFR,DB4
ADFR,DB6
ADFR,DD1
ADFR,DD3
ADFR,DD5
ADFR,DD6
ADFR,DVC
ADFR,FLPL
ADFR,FLPR
ADFR,HSNL
ADFR,HSNR
ADFR,I1L
ADFR,I2L
ADFR,I6
ADFR,IL2DL
ADFR,M2L
ADFR,MCR
ADFR,NSML
ADFR,NSMR
ADFR,PDEL
ADFR,PDER
ADFR,PLNL
ADFR,PVDR
ADFR,PVQL
ADFR,PVQR
ADFR,RIAR
ADFR,RIBR
ADFR,RICL
ADFR,RICR
ADFR,RID
ADFR,RIML
ADFR,RIMR
ADFR,RMDL
ADFR,RMEL
ADFR,SIADR
ADFR,SIAVL
ADFR,SIBVL
ADFR,URYDL
ADFR,URYDR
ADFR,URYVL
ADFR,URYVR
ADFR,VA10
ADFR,VA4
ADFR,VA5
ADFR,VA9
ADFR,VB10
ADFR,VB8
ADFR,VD1
ADFR,VD10
ADFR,VD11
ADFR,VD12
ADFR,VD13
ADFR,VD2
ADFR,VD3
ADFR,VD4
ADFR,VD5
ADFR,VD6
ADFR,VD8
ADLL,CEPVL
ADLL,CEPVR
ADLL,PDEL
ADLR,CEPVL
ADLR,NSMR
ADLR,PDER
AFDL,PDEL
AFDR,CEPDR
AFDR,RIML
AIAL,CEPDL
AIAL,CEPDR
AIAL,CEPVL
AIAL,CEPVR
AIAL,PDER
AIAR,AVM
AIAR,CEPDL
AIAR,NSMR
AIAR,PDER
AIBL,ASHR
AIBL,CEPDL
AIBL,CEPDR
AIBL,HSNR
AIBL,PDER
AIBR,CEPDL
AIBR,CEPVL
AIBR,CEPVR
AIBR,RIML
AIBR,RIMR
AIML,CEPDL
AIML,CEPDR
AIML,CEPVL
AIML,CEPVR
AIML,NSMR
AIML,PDEL
AIML,PDER
AIML,RIMR
AIMR,CEPDR
AIMR,CEPVL
AIMR,CEPVR
AIMR,HSNL
AIMR,PDEL
AIMR,PDER
AIMR,RIML
AIYL,CEPDR
AIYL,CEPVL
AIYL,CEPVR
AIYL,HSNL
AIYL,HSNR
AIYL,NSML
AIYL,PDEL
AIYL,PDER
AIYL,RIMR
AIYR,CEPDL
AIYR,CEPDR
AIYR,HSNR
AIYR,NSML
AIYR,PDEL
AIYR,PDER
AIYR,RIAL
AIYR,RICL
AIYR,RIML
AIZL,CEPDL
AIZL,CEPDR
AIZL,CEPVL
AIZL,CEPVR
AIZL,HSNR
AIZL,NSML
AIZL,PDEL
AIZL,PDER
AIZR,CEPDR
AIZR,CEPVR
AIZR,HSNR
AIZR,PDER
AIZR,RICL
AIZR,RIML
ALML,CEPDR
ALML,CEPVR
ALML,HSNL
ALML,HSNR
ALML,PDEL
ALML,RIML
ALMR,CEPDL
ALMR,CEPDR
ALMR,CEPVL
ALMR,HSNL
ALMR,PDEL
ALMR,PDER
ALMR,RICR
ALMR,RIML
ALNL,CEPDR
ALNL,CEPVL
ALNL,CEPVR
ALNL,PDEL
ALNL,PDER
ALNL,RIMR
ALNL,SDQL
ALNR,CEPDL
ALNR,CEPDR
ALNR,CEPVR
ALNR,HSNL
ALNR,HSNR
ALNR,NSML
ALNR,NSMR
ALNR,PDEL
ALNR,PDER
AS1,CEPDL
AS1,CEPDR
AS1,CEPVL
AS1,CEPVR
AS1,NSMR
AS1,RIMR
AS10,CEPDL
AS10,CEPDR
AS10,CEPVL
AS10,NSML
AS10,NSMR
AS10,PDER
AS10,RIML
AS11,CEPDL
AS11,CEPVL
AS11,NSML
AS11,PDEL
AS11,PDER
AS11,RIMR
AS2,CEPDL
AS2,CEPVL
AS2,CEPVR
AS2,HSNL
AS2,HSNR
AS2,RIML
AS2,RIMR
AS3,CEPDL
AS3,CEPDR
AS3,CEPVR
AS3,NSML
AS3,NSMR
AS3,PDEL
AS3,PDER
AS4,CEPDR
AS4,HSNR
AS4,NSMR
AS4,PDEL
AS4,PVQL
AS5,CEPDR
AS5,CEPVL
AS5,NSMR
AS5,PDER
AS5,RIML
AS5,RIMR
AS6,CEPDL
AS6,CEPVR
AS6,HSNR
AS6,NSMR
AS6,PDEL
AS6,PDER
AS6,RIMR
AS7,CEPVL
AS7,CEPVR
AS7,NSML
AS7,PDEL
AS7,PDER
AS7,RIML
AS7,RIMR
AS8,CEPVL
AS8,CEPVR
AS8,NSMR
AS8,PDEL
AS8,PDER
AS8,RIMR
AS9,CEPDL
AS9,CEPVL
AS9,CEPVR
AS9,NSML
AS9,PDEL
AS9,PDER
AS9,RICR
AS9,RIMR
ASEL,CEPDL
ASEL,CEPDR
ASEL,CEPVL
ASEL,CEPVR
ASEL,HSNL
ASEL,PDEL
ASEL,RIML
ASEL,VD9
ASER,CEPDL
ASER,CEPDR
ASER,CEPVL
ASER,HSNL
ASER,NSML
ASER,PDEL
ASER,PDER
ASER,RIMR
ASGL,CEPDL
ASGL,CEPVL
ASGL,CEPVR
ASGL,HSNR
ASGL,PDEL
ASGL,PDER
ASGL,RIMR
ASGR,CEPDL
ASGR,CEPDR
ASGR,CEPVL
ASGR,NSML
ASGR,PDER
ASGR,RICR
ASGR,RIML
ASHL,CEPDR
ASHL,CEPVL
ASHL,HSNL
ASHL,HSNR
ASHL,NSMR
ASHL,PDEL
ASHL,PDER
ASHL,RIML
ASHL,RIMR
ASHR,CEPDL
ASHR,CEPVL
ASHR,NSML
ASHR,NSMR
ASHR,PDER
ASIL,CEPDR
ASIL,HSNL
ASIL,RIML
ASIR,CEPVR
ASIR,HSNR
ASIR,PDEL
ASIR,PDER
ASKL,CEPDR
ASKL,CEPVR
ASKL,HSNR
ASKL,PDEL
ASKL,PDER
ASKL,RIML
ASKL,RIMR
ASKR,CEPDL
ASKR,CEPVL
ASKR,CEPVR
ASKR,HSNR
ASKR,NSML
ASKR,PDEL
ASKR,RIMR
AUAL,CEPVR
AUAL,HSNL
AUAL,PDEL
AUAL,PDER
AUAL,RICR
AUAL,RIML
AUAL,RIMR
AUAR,CEPDL
AUAR,CEPDR
AUAR,CEPVL
AUAR,CEPVR
AUAR,HSNL
AUAR,PDEL
AUAR,PDER
AUAR,RIMR
AVBL,PDER
AVBR,CEPDR
AVFL,CEPDL
AVFL,CEPDR
AVFL,CEPVL
AVFL,HSNL
AVFL,NSML
AVFL,PDEL
AVFL,RIML
AVFR,CEPDR
AVFR,CEPVL
AVFR,CEPVR
AVFR,PDER
AVFR,RICL
AVFR,RIML
AVHL,HSNL
AVHL,PDEL
AVHR,CEPVR
AVJL,CEPDL
AVJL,CEPDR
AVJL,PDER
AVJL,RIML
AVJR,CEPDL
AVJR,CEPDR
AVJR,NSML
AVJR,PDER
AVL,CEPDL
AVL,CEPVL
AVL,NSML
AVL,PDEL
AVL,PDER
AVL,RIML
AVM,CEPDL
AVM,HSNR
AVM,NSML
AVM,PDEL
AVM,RIMR
AWBL,CEPDL
AWBL,CEPDR
AWBL,CEPVL
AWBL,CEPVR
AWBL,PDEL
AWBL,PDER
AWBL,RIML
AWBR,CEPDL
AWBR,CEPDR
AWBR,CEPVL
AWBR,CEPVR
AWBR,PDEL
AWBR,PDER
AWBR,RIML
AWCL,CEPDR
AWCL,PDEL
AWCR,RIML
AWCR,RIMR
BAGL,PDER
BAGL,RIMR
BDUL,HSNL
BDUR,CEPDL
BDUR,RICR
CANL,CEPDL
CANL,CEPDR
CANL,CEPVL
CANL,NSML
CANL,PDEL
CANL,PDER
CANL,RIMR
CANR,CEPDR
CANR,CEPVL
CANR,CEPVR
CANR,NSML
CANR,NSMR
CANR,PDEL
CANR,PDER
CEPDL,CEPDL
CEPDL,CEPDR
CEPDL,CEPVL
CEPDL,CEPVR
CEPDL,DA1
CEPDL,DA2
CEPDL,DA3
CEPDL,DA4
CEPDL,DA7
CEPDL,DA8
CEPDL,DA9
CEPDL,DB1
CEPDL,DB2
CEPDL,DB5
CEPDL,DD1
CEPDL,DD2
CEPDL,DD3
CEPDL,DD4
CEPDL,DD5
CEPDL,DD6
CEPDL,FLPL
CEPDL,FLPR
CEPDL,HSNL
CEPDL,HSNR
CEPDL,I1L
CEPDL,I1R
CEPDL,I2L
CEPDL,I2R
CEPDL,I6
CEPDL,IL1R
CEPDL,IL2DL
CEPDL,IL2DR
CEPDL,IL2R
CEPDL,M2L
CEPDL,M2R
CEPDL,M3L
CEPDL,M3R
CEPDL,MCL
CEPDL,NSML
CEPDL,NSMR
CEPDL,PDA
CEPDL,PDEL
CEPDL,PDER
CEPDL,PHAL
CEPDL,PLML
CEPDL,PLMR
CEPDL,PVDL
CEPDL,PVDR
CEPDL,PVQL
CEPDL,PVT
CEPDL,RIAL
CEPDL,RIAR
CEPDL,RIBL
CEPDL,RIBR
CEPDL,RICL
CEPDL,RICR
CEPDL,RID
CEPDL,RIML
CEPDL,RIMR
CEPDL,RIS
CEPDL,RMDDL
CEPDL,RMDR
CEPDL,RMDVL
CEPDL,RMED
CEPDL,RMEL
CEPDL,RMEV
CEPDL,RMFL
CEPDL,RMFR
CEPDL,RMHL
CEPDL,SABVL
CEPDL,SABVR
CEPDL,SDQR
CEPDL,SIADL
CEPDL,SIADR
CEPDL,SIAVL
CEPDL,SIAVR
CEPDL,SIBDL
CEPDL,SIBDR
CEPDL,SIBVR
CEPDL,SMDVL
CEPDL,URYDL
CEPDL,URYDR
CEPDL,URYVL
CEPDL,URYVR
CEPDL,VA1
CEPDL,VA10
CEPDL,VA11
CEPDL,VA2
CEPDL,VA4
CEPDL,VA6
CEPDL,VA7
CEPDL,VA8
CEPDL,VA9
CEPDL,VB1
CEPDL,VB10
CEPDL,VB11
CEPDL,VB2
CEPDL,VB5
CEPDL,VB6
CEPDL,VD1
CEPDL,VD10
CEPDL,VD11
CEPDL,VD13
CEPDL,VD2
CEPDL,VD3
CEPDL,VD4
CEPDL,VD5
CEPDL,VD6
CEPDL,VD7
CEPDL,VD8
CEPDL,VD9
CEPDR,CEPDR
CEPDR,CEPVL
CEPDR,CEPVR
CEPDR,DA1
CEPDR,DA2
CEPDR,DA3
CEPDR,DA4
CEPDR,DA5
CEPDR,DA6
CEPDR,DA7
CEPDR,DA9
CEPDR,DB1
CEPDR,DB2
CEPDR,DB3
CEPDR,DB5
CEPDR,DB7
CEPDR,DD1
CEPDR,DD3
CEPDR,DD4
CEPDR,DD5
CEPDR,DD6
CEPDR,DVA
CEPDR,FLPL
CEPDR,HSNL
CEPDR,HSNR
CEPDR,I1L
CEPDR,I2L
CEPDR,I2R
CEPDR,I3
CEPDR,IL1R
CEPDR,IL2L
CEPDR,IL2R
CEPDR,IL2VL
CEPDR,M2R
CEPDR,M4
CEPDR,MCL
CEPDR,NSML
CEPDR,NSMR
CEPDR,OLLL
CEPDR,PDA
CEPDR,PDEL
CEPDR,PDER
CEPDR,PHAR
CEPDR,PHCL
CEPDR,PHCR
CEPDR,PLNL
CEPDR,PLNR
CEPDR,PVCL
CEPDR,PVDL
CEPDR,PVDR
CEPDR,PVQL
CEPDR,PVQR
CEPDR,PVT
CEPDR,RIAL
CEPDR,RIAR
CEPDR,RIBR
CEPDR,RICL
CEPDR,RICR
CEPDR,RID
CEPDR,RIML
CEPDR,RIMR
CEPDR,RIS
CEPDR,RMDL
CEPDR,RMDR
CEPDR,RMDVL
CEPDR,RMDVR
CEPDR,RMEL
CEPDR,RMFR
CEPDR,RMHL
CEPDR,RMHR
CEPDR,SIADR
CEPDR,SIAVL
CEPDR,SIAVR
CEPDR,SIBDL
CEPDR,SIBVR
CEPDR,SMDDL
CEPDR,URYDL
CEPDR,URYDR
CEPDR,URYVL
CEPDR,URYVR
CEPDR,VA1
CEPDR,VA11
CEPDR,VA12
CEPDR,VA4
CEPDR,VA5
CEPDR,VA7
CEPDR,VA9
CEPDR,VB1
CEPDR,VB10
CEPDR,VB11
CEPDR,VB2
CEPDR,VB3
CEPDR,VB6
CEPDR,VB7
CEPDR,VB9
CEPDR,VD1
CEPDR,VD11
CEPDR,VD12
CEPDR,VD13
CEPDR,VD2
CEPDR,VD3
CEPDR,VD4
CEPDR,VD5
CEPDR,VD6
CEPDR,VD7
CEPDR,VD8
CEPDR,VD9
CEPVL,CEPVL
CEPVL,CEPVR
CEPVL,DA2
CEPVL,DA3
CEPVL,DA4
CEPVL,DA5
CEPVL,DA6
CEPVL,DA7
CEPVL,DA8
CEPVL,DA9
CEPVL,DB2
CEPVL,DB3
CEPVL,DB4
CEPVL,DB7
CEPVL,DD1
CEPVL,DD2
CEPVL,DD3
CEPVL,DD4
CEPVL,DD5
CEPVL,DD6
CEPVL,FLPL
CEPVL,FLPR
CEPVL,HSNL
CEPVL,HSNR
CEPVL,I1R
CEPVL,I2L
CEPVL,I2R
CEPVL,I4
CEPVL,I6
CEPVL,IL1DR
CEPVL,IL1VR
CEPVL,IL2DR
CEPVL,IL2VL
CEPVL,LUAL
CEPVL,M1
CEPVL,M2L
CEPVL,M2R
CEPVL,M3R
CEPVL,MCR
CEPVL,NSML
CEPVL,NSMR
CEPVL,OLQDL
CEPVL,OLQDR
CEPVL,PDA
CEPVL,PDEL
CEPVL,PDER
CEPVL,PHCR
CEPVL,PLMR
CEPVL,PLNL
CEPVL,PVDR
CEPVL,PVQL
CEPVL,PVQR
CEPVL,RIAL
CEPVL,RIAR
CEPVL,RIBL
CEPVL,RIBR
CEPVL,RICL
CEPVL,RICR
CEPVL,RID
CEPVL,RIML
CEPVL,RIMR
CEPVL,RIS
CEPVL,RMDDL
CEPVL,RMDL
CEPVL,RMDR
CEPVL,RMDVL
CEPVL,RMED
CEPVL,RMEL
CEPVL,RMER
CEPVL,SIADL
CEPVL,SIADR
CEPVL,SIAVR
CEPVL,SIBDR
CEPVL,SIBVL
CEPVL,SIBVR
CEPVL,SMDVR
CEPVL,URYDL
CEPVL,URYDR
CEPVL,URYVL
CEPVL,URYVR
CEPVL,VA1
CEPVL,VA11
CEPVL,VA12
CEPVL,VA2
CEPVL,VA3
CEPVL,VA4
CEPVL,VA8
CEPVL,VB1
CEPVL,VB2
CEPVL,VB3
CEPVL,VB4
CEPVL,VB6
CEPVL,VB7
CEPVL,VB8
CEPVL,VB9
CEPVL,VD1
CEPVL,VD10
CEPVL,VD11
CEPVL,VD12
CEPVL,VD13
CEPVL,VD2
CEPVL,VD3
CEPVL,VD4
CEPVL,VD5
CEPVL,VD6
CEPVL,VD7
CEPVL,VD8
CEPVL,VD9
CEPVR,CEPVR
CEPVR,DA1
CEPVR,DA3
CEPVR,DA5
CEPVR,DA7
CEPVR,DA8
CEPVR,DA9
CEPVR,DB2
CEPVR,DB3
CEPVR,DB6
CEPVR,DB7
CEPVR,DD1
CEPVR,DD2
CEPVR,DD3
CEPVR,DD4
CEPVR,DD5
CEPVR,DD6
CEPVR,DVC
CEPVR,FLPL
CEPVR,FLPR
CEPVR,HSNL
CEPVR,HSNR
CEPVR,I1L
CEPVR,I2L
CEPVR,I2R
CEPVR,I6
CEPVR,IL2DL
CEPVR,IL2DR
CEPVR,IL2R
CEPVR,IL2VL
CEPVR,IL2VR
CEPVR,M1
CEPVR,M2L
CEPVR,M3L
CEPVR,M3R
CEPVR,M4
CEPVR,MCL
CEPVR,MCR
CEPVR,NSML
CEPVR,NSMR
CEPVR,OLQVR
CEPVR,PDA
CEPVR,PDEL
CEPVR,PDER
CEPVR,PHBR
CEPVR,PHCL
CEPVR,PHCR
CEPVR,PLML
CEPVR,PLMR
CEPVR,PLNR
CEPVR,PQR
CEPVR,PVCR
CEPVR,PVDL
CEPVR,PVDR
CEPVR,PVQL
CEPVR,PVQR
CEPVR,PVT
CEPVR,RIAL
CEPVR,RIAR
CEPVR,RIBL
CEPVR,RIBR
CEPVR,RICL
CEPVR,RICR
CEPVR,RID
CEPVR,RIML
CEPVR,RIMR
CEPVR,RIS
CEPVR,RMDDL
CEPVR,RMDVL
CEPVR,RMDVR
CEPVR,RMEL
CEPVR,RMER
CEPVR,RMEV
CEPVR,RMHR
CEPVR,SIADL
CEPVR,SIADR
CEPVR,SIAVL
CEPVR,SIAVR
CEPVR,SIBDL
CEPVR,SMDDR
CEPVR,URYDR
CEPVR,URYVL
CEPVR,URYVR
CEPVR,VA1
CEPVR,VA10
CEPVR,VA12
CEPVR,VA2
CEPVR,VA3
CEPVR,VA5
CEPVR,VA8
CEPVR,VB1
CEPVR,VB10
CEPVR,VB3
CEPVR,VB4
CEPVR,VB5
CEPVR,VB7
CEPVR,VB9
CEPVR,VD1
CEPVR,VD10
CEPVR,VD11
CEPVR,VD12
CEPVR,VD13
CEPVR,VD2
CEPVR,VD3
CEPVR,VD4
CEPVR,VD5
CEPVR,VD6
CEPVR,VD7
CEPVR,VD8
CEPVR,VD9
DA1,NSML
DA1,PDEL
DA1,PDER
DA1,RIML
DA2,HSNL
DA2,HSNR
DA2,RIMR
DA2,VD3
DA3,NSML
DA3,NSMR
DA3,PDEL
DA4,HSNR
DA4,PDER
DA4,RIMR
DA5,HSNR
DA5,PDEL
DA5,RIML
DA6,HSNR
DA6,NSMR
DA6,PDER
DA6,RIML
DA7,HSNL
DA7,HSNR
DA7,RIMR
DA8,NSML
DA8,NSMR
DA8,PDER
DA8,RIMR
DA9,IL1L
DA9,NSMR
DA9,PDER
DA9,RIMR
DB1,HSNR
DB1,NSML
DB1,NSMR
DB2,HSNL
DB2,RIMR
DB3,NSML
DB3,PDEL
DB3,PDER
DB3,RIMR
DB4,HSNR
DB4,NSMR
DB4,PDEL
DB4,PDER
DB4,RIML
DB5,NSMR
DB5,PDER
DB5,RICR
DB5,RIML
DB6,HSNR
DB6,PDEL
DB6,PDER
DB6,RIMR
DB7,HSNR
DB7,NSMR
DB7,PDEL
DB7,PDER
DD1,HSNR
DD1,NSML
DD1,PDEL
DD1,RICR
DD1,RIML
DD1,RIMR
DD2,HSNL
DD2,HSNR
DD2,NSML
DD2,NSMR
DD2,PDEL
DD2,RICL
DD2,RICR
DD2,RIML
DD3,HSNL
DD3,HSNR
DD3,NSML
DD3,PDEL
DD3,PDER
DD3,RIML
DD3,RIMR
DD4,HSNL
DD4,NSML
DD4,NSMR
DD4,PDEL
DD4,PDER
DD4,RIML
DD4,RIMR
DD5,HSNL
DD5,NSML
DD5,PDEL
DD5,PDER
DD5,RICL
DD5,RIML
DD5,RIMR
DD6,HSNL
DD6,IL2DR
DD6,NSML
DD6,NSMR
DD6,PDEL
DD6,RIML
DD6,RIMR
DVA,NSML
DVA,PDEL
DVA,RICL
DVA,RIML
DVA,RIMR
DVA,SIADR
DVC,PDEL
DVC,PDER
DVC,RIMR
FLPL,HSNR
FLPL,NSMR
FLPR,PDEL
FLPR,RIML
FLPR,RIMR
HSNL,HSNR
HSNL,I2R
HSNL,IL2L
HSNL,IL2R
HSNL,IL2VL
HSNL,IL2VR
HSNL,M2R
HSNL,M3R
HSNL,M5
HSNL,MCL
HSNL,NSML
HSNL,NSMR
HSNL,PDEL
HSNL,PDER
HSNL,PHBR
HSNL,PHCL
HSNL,PLML
HSNL,PLNL
HSNL,PQR
HSNL,PVDL
HSNL,PVQL
HSNL,PVQR
HSNL,RIAL
HSNL,RIBR
HSNL,RICL
HSNL,RICR
HSNL,RID
HSNL,RIML
HSNL,RIMR
HSNL,RMDDR
HSNL,RMDL
HSNL,RMFR
HSNL,SABD
HSNL,SIADL
HSNL,SIAVL
HSNL,SIBVR
HSNL,URYDL
HSNL,URYDR
HSNL,URYVR
HSNL,VA11
HSNL,VA3
HSNL,VA7
HSNL,VA9
HSNL,VB1
HSNL,VB10
HSNL,VB11
HSNL,VB4
HSNL,VB5
HSNL,VD1
HSNL,VD10
HSNL,VD11
HSNL,VD12
HSNL,VD13
HSNL,VD2
HSNL,VD4
HSNL,VD6
HSNL,VD7
HSNL,VD8
HSNL,VD9
HSNR,I1L
HSNR,I2L
HSNR,I3
HSNR,IL2DL
HSNR,IL2L
HSNR,M4
HSNR,NSML
HSNR,NSMR
HSNR,OLLL
HSNR,PDEL
HSNR,PDER
HSNR,PLNL
HSNR,PQR
HSNR,PVQL
HSNR,PVQR
HSNR,RIAR
HSNR,RIBL
HSNR,RIBR
HSNR,RICL
HSNR,RICR
HSNR,RIML
HSNR,RIMR
HSNR,RMDR
HSNR,RMDVR
HSNR,RMFR
HSNR,RMHR
HSNR,SABVR
HSNR,SIAVR
HSNR,SIBDR
HSNR,URYDL
HSNR,URYDR
HSNR,URYVR
HSNR,VA1
HSNR,VA2
HSNR,VA4
HSNR,VA6
HSNR,VA7
HSNR,VA8
HSNR,VB1
HSNR,VB10
HSNR,VB6
HSNR,VB7
HSNR,VB9
HSNR,VD10
HSNR,VD12
HSNR,VD2
HSNR,VD3
HSNR,VD4
HSNR,VD5
HSNR,VD6
HSNR,VD8
HSNR,VD9
I1L,RIMR
I1R,NSMR
I1R,PDEL
I1R,PDER
I1R,RICL
I2L,NSMR
I2L,PDEL
I2L,PDER
I2L,RIML
I2L,RIMR
I2R,NSML
I2R,NSMR
I2R,PDEL
I2R,PDER
I2R,RICR
I2R,RIML
I3,PDER
I3,RIML
I4,PDER
I4,RIMR
I6,RIMR
IL1DL,NSMR
IL1DL,PDEL
IL1L,PDER
IL1VL,RIML
IL1VR,NSML
IL2DL,NSML
IL2DL,RIMR
IL2DR,PDER
IL2DR,RIML
IL2L,NSMR
IL2L,PDER
IL2L,RIML
IL2R,PDEL
IL2R,RIML
IL2R,RIMR
IL2VL,NSMR
IL2VL,PDEL
IL2VL,RIMR
IL2VR,NSMR
IL2VR,PDEL
IL2VR,RIML
IL2VR,RIMR
LUAL,PDEL
LUAR,NSML
M1,NSML
M1,PDER
M2L,RIML
M2R,PDEL
M3L,NSML
M3L,PDEL
M3L,RIMR
M3R,NSMR
M4,PDEL
M4,RIML
M5,NSML
M5,NSMR
M5,PDEL
M5,RIMR
MCL,NSML
MCL,PDER
MCR,NSML
MCR,RICR
MCR,RIML
MCR,VD12
NSML,NSML
NSML,NSMR
NSML,PDA
NSML,PDEL
NSML,PDER
NSML,PLML
NSML,PLNR
NSML,PVDL
NSML,PVQR
NSML,PVT
NSML,RIAL
NSML,RIAR
NSML,RIBL
NSML,RICL
NSML,RICR
NSML,RID
NSML,RIML
NSML,RIMR
NSML,RIS
NSML,RMDL
NSML,RMDVL
NSML,RMDVR
NSML,RMED
NSML,RMEV
NSML,RMHL
NSML,SDQR
NSML,SIADL
NSML,SIADR
NSML,SIAVL
NSML,SIBVL
NSML,VA11
NSML,VA7
NSML,VB5
NSML,VB7
NSML,VB8
NSML,VD1
NSML,VD10
NSML,VD11
NSML,VD13
NSML,VD3
NSML,VD4
NSML,VD6
NSML,VD7
NSML,VD9
NSMR,NSMR
NSMR,PDA
NSMR,PDEL
NSMR,PDER
NSMR,PQR
NSMR,PVDL
NSMR,PVDR
NSMR,PVQL
NSMR,PVQR
NSMR,PVT
NSMR,RIAL
NSMR,RIAR
NSMR,RIBL
NSMR,RIBR
NSMR,RICL
NSMR,RICR
NSMR,RID
NSMR,RIML
NSMR,RIMR
NSMR,RIS
NSMR,RMDL
NSMR,RMDR
NSMR,SIADL
NSMR,SIAVR
NSMR,SIBDL
NSMR,SIBDR
NSMR,URYDL
NSMR,URYVL
NSMR,URYVR
NSMR,VA1
NSMR,VA2
NSMR,VB2
NSMR,VB4
NSMR,VB6
NSMR,VB8
NSMR,VB9
NSMR,VD1
NSMR,VD10
NSMR,VD11
NSMR,VD12
NSMR,VD13
NSMR,VD2
NSMR,VD3
NSMR,VD4
NSMR,VD5
NSMR,VD7
NSMR,VD8
NSMR,VD9
OLLR,PDEL
OLQVL,PDER
OLQVL,RICL
PDA,PDEL
PDA,RIML
PDA,RIMR
PDEL,PDEL
PDEL,PDER
PDEL,PHAL
PDEL,PHBL
PDEL,PHCL
PDEL,PLML
PDEL,PLMR
PDEL,PVDL
PDEL,PVQL
PDEL,PVQR
PDEL,PVT
PDEL,RIAL
PDEL,RIAR
PDEL,RIBL
PDEL,RIBR
PDEL,RICL
PDEL,RICR
PDEL,RID
PDEL,RIML
PDEL,RIMR
PDEL,RIS
PDEL,RMDDL
PDEL,RMDDR
PDEL,RMDR
PDEL,RMED
PDEL,RMEL
PDEL,RMER
PDEL,RMFL
PDEL,RMFR
PDEL,RMHL
PDEL,SABD
PDEL,SABVL
PDEL,SIADL
PDEL,SIAVL
PDEL,SIAVR
PDEL,SIBDL
PDEL,SIBVL
PDEL,URYDL
PDEL,URYVL
PDEL,URYVR
PDEL,VA1
PDEL,VA10
PDEL,VA11
PDEL,VA12
PDEL,VA2
PDEL,VA3
PDEL,VA5
PDEL,VA6
PDEL,VA7
PDEL,VA8
PDEL,VA9
PDEL,VB11
PDEL,VB2
PDEL,VB3
PDEL,VB5
PDEL,VB7
PDEL,VD1
PDEL,VD10
PDEL,VD11
PDEL,VD12
PDEL,VD13
PDEL,VD2
PDEL,VD3
PDEL,VD4
PDEL,VD5
PDEL,VD6
PDEL,VD7
PDEL,VD8
PDEL,VD9
PDER,PDER
PDER,PHCL
PDER,PHCR
PDER,PLML
PDER,PLMR
PDER,PLNL
PDER,PLNR
PDER,PQR
PDER,PVDL
PDER,PVDR
PDER,PVQL
PDER,PVQR
PDER,RIAL
PDER,RIAR
PDER,RIBL
PDER,RICL
PDER,RICR
PDER,RID
PDER,RIML
PDER,RIMR
PDER,RIS
PDER,RMDDL
PDER,RMDDR
PDER,RMDL
PDER,RMDR
PDER,RMDVL
PDER,RMDVR
PDER,RMED
PDER,RMER
PDER,RMEV
PDER,RMFL
PDER,RMHR
PDER,SIADL
PDER,SIADR
PDER,SIAVL
PDER,SIBDL
PDER,SIBDR
PDER,SIBVL
PDER,SIBVR
PDER,SMDDL
PDER,URYDL
PDER,URYDR
PDER,URYVL
PDER,URYVR
PDER,VA10
PDER,VA12
PDER,VA3
PDER,VA5
PDER,VA6
PDER,VA8
PDER,VA9
PDER,VB10
PDER,VB11
PDER,VB3
PDER,VB4
PDER,VB8
PDER,VB9
PDER,VD1
PDER,VD10
PDER,VD11
PDER,VD12
PDER,VD13
PDER,VD2
PDER,VD3
PDER,VD4
PDER,VD5
PDER,VD6
PDER,VD7
PDER,VD8
PHAR,RIMR
PHCL,RIML
PHCL,RIMR
PHCR,RIML
PLML,RICR
PLML,RIMR
PLMR,RIMR
PLNL,RIML
PLNL,RIMR
PLNR,RICR
PLNR,RIMR
PQR,RIML
PVDL,RIML
PVDR,RIAL
PVQL,RIML
PVQL,RIMR
PVQR,RIML
PVQR,RIMR
PVQR,VD12
PVQR,VD5
PVT,RIML
RIAL,RICL
RIAL,RIML
RIAR,RICL
RIAR,RIML
RIAR,RIMR
RIAR,VD8
RIBL,RIML
RIBL,RIMR
RIBL,VD10
RIBR,RICL
RIBR,RIML
RIBR,RIMR
RICL,RICL
RICL,RICR
RICL,RID
RICL,RIML
RICL,RIMR
RICL,SIADL
RICL,SIAVR
RICL,URYVL
RICL,VB4
RICL,VD10
RICL,VD3
RICL,VD5
RICL,VD7
RICR,RIML
RICR,RIMR
RICR,RIS
RICR,SIADR
RICR,SIBDR
RICR,URYDR
RICR,URYVL
RICR,VD13
RICR,VD2
RICR,VD6
RICR,VD7
RICR,VD9
RID,RIML
RID,RIMR
RIML,RIMR
RIML,RIS
RIML,RMDDL
RIML,RMDDR
RIML,RMEL
RIML,RMER
RIML,RMEV
RIML,SDQL
RIML,SIADR
RIML,SIAVL
RIML,SIAVR
RIML,SIBDR
RIML,SIBVR
RIML,URYDL
RIML,URYDR
RIML,URYVL
RIML,VA10
RIML,VA4
RIML,VA5
RIML,VA6
RIML,VA7
RIML,VA8
RIML,VB11
RIML,VB3
RIML,VB4
RIML,VB5
RIML,VB6
RIML,VB8
RIML,VB9
RIML,VD1
RIML,VD11
RIML,VD12
RIML,VD13
RIML,VD2
RIML,VD3
RIML,VD4
RIML,VD6
RIML,VD7
RIML,VD8
RIML,VD9
RIMR,RIS
RIMR,RMDDL
RIMR,RMDDR
RIMR,RMDR
RIMR,RMDVL
RIMR,RMDVR
RIMR,RMED
RIMR,RMER
RIMR,RMEV
RIMR,RMFR
RIMR,SIADL
RIMR,SIADR
RIMR,SIAVL
RIMR,SIBVL
RIMR,URYDL
RIMR,URYVL
RIMR,URYVR
RIMR,VA1
RIMR,VA11
RIMR,VA12
RIMR,VA2
RIMR,VA3
RIMR,VA6
RIMR,VB10
RIMR,VB2
RIMR,VB5
RIMR,VD1
RIMR,VD10
RIMR,VD11
RIMR,VD12
RIMR,VD13
RIMR,VD2
RIMR,VD3
RIMR,VD4
RIMR,VD5
RIMR,VD6
RIMR,VD7
RIMR,VD8
RIMR,VD9
RMHR,VD11
SIBVR,URYDR
VB11,VD2
VD1,VD12
VD11,VD5
VD4,VD7
