ADEL,ADEL
ADEL,ADER
ADEL,ADFL
ADEL,ADFR
ADEL,AIBR
ADEL,AIMR
ADEL,AIYL
ADEL,AIZL
ADEL,AIZR
ADEL,ALML
ADEL,ALMR
ADEL,ALNL
ADEL,ALNR
ADEL,AS10
ADEL,AS11
ADEL,AS3
ADEL,AS4
ADEL,AS7
ADEL,AS8
ADEL,AS9
ADEL,ASGR
ADEL,ASHL
ADEL,ASHR
ADEL,ASKR
ADEL,AUAL
ADEL,AUAR
ADEL,AVBR
ADEL,AVFR
ADEL,AVJL
ADEL,AVL
ADEL,AWBR
ADEL,BAGR
ADEL,CANL
ADEL,CANR
ADEL,CEPDL
ADEL,CEPDR
ADEL,CEPVL
ADEL,CEPVR
ADEL,DA1
ADEL,DA2
ADEL,DA3
ADEL,DA4
ADEL,DA5
ADEL,DA6
ADEL,DA8
ADEL,DB1
ADEL,DB2
ADEL,DB4
ADEL,DB5
ADEL,DB7
ADEL,DD1
ADEL,DD2
ADEL,DD3
ADEL,DD4
ADEL,DD5
ADEL,DD6
ADEL,DVA
ADEL,FLPL
ADEL,FLPR
ADEL,HSNL
ADEL,HSNR
ADEL,I2L
ADEL,I2R
ADEL,I3
ADEL,I4
ADEL,IL1DR
ADEL,IL2DL
ADEL,IL2DR
ADEL,IL2R
ADEL,IL2VL
ADEL,IL2VR
ADEL,M2L
ADEL,M2R
ADEL,M3L
ADEL,M5
ADEL,MCL
ADEL,MCR
ADEL,NSML
ADEL,NSMR
ADEL,OLQDL
ADEL,OLQDR
ADEL,PDA
ADEL,PDEL
ADEL,PDER
ADEL,PHCR
ADEL,PLMR
ADEL,PLNR
ADEL,PQR
ADEL,PVCL
ADEL,PVDL
ADEL,PVQL
ADEL,PVQR
ADEL,PVT
ADEL,RIAL
ADEL,RIAR
ADEL,RIBL
ADEL,RIBR
ADEL,RICL
ADEL,RICR
ADEL,RID
ADEL,RIML
ADEL,RIMR
ADEL,RIS
ADEL,RMDL
ADEL,RMDR
ADEL,RMDVL
ADEL,RMED
ADEL,RMEL
ADEL,RMFR
ADEL,RMHR
ADEL,SIADL
ADEL,SIADR
ADEL,SIAVL
ADEL,SIAVR
ADEL,SIBVL
ADEL,SIBVR
ADEL,SMDDL
ADEL,URYDL
ADEL,URYDR
ADEL,URYVL
ADEL,URYVR
ADEL,VA1
ADEL,VA10
ADEL,VA11
ADEL,VA2
ADEL,VA5
ADEL,VA6
ADEL,VA7
ADEL,VA8
ADEL,VB10
ADEL,VB11
ADEL,VB3
ADEL,VB4
ADEL,VB5
ADEL,VB8
ADEL,VD10
ADEL,VD11
ADEL,VD12
ADEL,VD13
ADEL,VD2
ADEL,VD3
ADEL,VD4
ADEL,VD5
ADEL,VD6
ADEL,VD7
ADEL,VD8
ADEL,VD9
ADER,ADER
ADER,ADFL
ADER,ADFR
ADER,ADLR
ADER,AIAL
ADER,AIBL
ADER,AIML
ADER,AIMR
ADER,AIYL
ADER,AIYR
ADER,AIZL
ADER,AIZR
ADER,ALML
ADER,ALMR
ADER,ALNL
ADER,ALNR
ADER,AS11
ADER,AS2
ADER,AS4
ADER,AS6
ADER,AS7
ADER,ASEL
ADER,ASER
ADER,ASGL
ADER,ASGR
ADER,ASHR
ADER,ASIL
ADER,ASIR
ADER,ASKR
ADER,AUAL
ADER,AUAR
ADER,AVBR
ADER,AVFL
ADER,AVFR
ADER,AVJL
ADER,AWBL
ADER,AWBR
ADER,AWCL
ADER,AWCR
ADER,CANL
ADER,CANR
ADER,CEPDL
ADER,CEPDR
ADER,CEPVL
ADER,CEPVR
ADER,DA1
ADER,DA3
ADER,DA8
ADER,DB1
ADER,DB3
ADER,DB5
ADER,DB6
ADER,DB7
ADER,DD2
ADER,DD3
ADER,DD4
ADER,DD5
ADER,DD6
ADER,DVA
ADER,HSNL
ADER,HSNR
ADER,I1L
ADER,I2L
ADER,I2R
ADER,I3
ADER,IL2DL
ADER,IL2DR
ADER,IL2L
ADER,IL2R
ADER,IL2VR
ADER,M2R
ADER,M3R
ADER,M5
ADER,MCL
ADER,MCR
ADER,NSML
ADER,NSMR
ADER,PDA
ADER,PDEL
ADER,PDER
ADER,PHBR
ADER,PHCL
ADER,PHCR
ADER,PLMR
ADER,PLNL
ADER,PQR
ADER,PVDL
ADER,PVQL
ADER,PVQR
ADER,RIAL
ADER,RIBR
ADER,RICL
ADER,RICR
ADER,RID
ADER,RIML
ADER,RIMR
ADER,RIS
ADER,RMDDL
ADER,RMDL
ADER,RMDR
ADER,RMDVL
ADER,RMDVR
ADER,RMEL
ADER,RMER
ADER,RMFL
ADER,RMFR
ADER,RMHR
ADER,SIADL
ADER,SIAVL
ADER,SIAVR
ADER,SIBDL
ADER,SIBDR
ADER,SIBVL
ADER,SIBVR
ADER,SMDDL
ADER,SMDDR
ADER,URYDL
ADER,URYVL
ADER,URYVR
ADER,VA1
ADER,VA10
ADER,VA11
ADER,VA12
ADER,VA2
ADER,VA3
ADER,VA4
ADER,VA5
ADER,VA7
ADER,VA9
ADER,VB11
ADER,VB2
ADER,VB4
ADER,VB9
ADER,VD1
ADER,VD10
ADER,VD11
ADER,VD12
ADER,VD13
ADER,VD2
ADER,VD3
ADER,VD4
ADER,VD5
ADER,VD6
ADER,VD7
ADER,VD8
ADER,VD9
ADFL,ADFR
ADFL,AFDR
ADFL,AIYR
ADFL,AIZR
ADFL,AS1
ADFL,AS10
ADFL,AS5
ADFL,AS7
ADFL,AS8
ADFL,ASER
ADFL,ASGR
ADFL,ASIL
ADFL,ASKR
ADFL,AUAL
ADFL,AUAR
ADFL,AVM
ADFL,AWBL
ADFL,BDUR
ADFL,CEPDL
ADFL,CEPDR
ADFL,CEPVL
ADFL,CEPVR
ADFL,DA2
ADFL,DA4
ADFL,DB1
ADFL,DB4
ADFL,DB6
ADFL,DD3
ADFL,DD4
ADFL,DD6
ADFL,DVA
ADFL,FLPL
ADFL,HSNL
ADFL,HSNR
ADFL,I1R
ADFL,MCL
ADFL,NSML
ADFL,NSMR
ADFL,OLQDL
ADFL,PDA
ADFL,PDEL
ADFL,PDER
ADFL,PVDR
ADFL,PVQL
ADFL,RIAL
ADFL,RIAR
ADFL,RIBL
ADFL,RIBR
ADFL,RICL
ADFL,RICR
ADFL,RID
ADFL,RIML
ADFL,RIMR
ADFL,RIS
ADFL,RMDDL
ADFL,RMDL
ADFL,RMDVR
ADFL,RMER
ADFL,RMFL
ADFL,RMFR
ADFL,SIADR
ADFL,SIAVL
ADFL,SIBDL
ADFL,SIBDR
ADFL,URYDR
ADFL,VA10
ADFL,VA4
ADFL,VB4
ADFL,VB5
ADFL,VB6
ADFL,VB9
ADFL,VD10
ADFL,VD11
ADFL,VD12
ADFL,VD13
ADFL,VD2
ADFL,VD4
ADFL,VD5
ADFL,VD7
ADFL,VD9
ADFR,ADLL
ADFR,AIAR
ADFR,AIML
ADFR,AIZR
ADFR,ALMR
ADFR,ALNR
ADFR,AS10
ADFR,AS4
ADFR,AS5
ADFR,ASER
ADFR,ASGL
ADFR,ASHL
ADFR,ASHR
ADFR,ASKR
ADFR,AUAR
ADFR,AVJL
ADFR,AVL
ADFR,AWBR
ADFR,BDUL
ADFR,CEPDL
ADFR,CEPDR
ADFR,CEPVL
ADFR,CEPVR
ADFR,DA1
ADFR,DA3
ADFR,DA4
ADFR,DA5
ADFR,DA7
ADFR,DB1
ADFR,DB4
ADFR,DD1
ADFR,DD2
ADFR,FLPR
ADFR,HSNL
ADFR,HSNR
ADFR,I2L
ADFR,I2R
ADFR,M2L
ADFR,M3L
ADFR,NSML
ADFR,NSMR
ADFR,PDEL
ADFR,PDER
ADFR,PHCL
ADFR,PHCR
ADFR,PLML
ADFR,PVQR
ADFR,RIAL
ADFR,RIAR
ADFR,RIBL
ADFR,RICL
ADFR,RICR
ADFR,RID
ADFR,RIML
ADFR,RIMR
ADFR,RIS
ADFR,RMEV
ADFR,SIADL
ADFR,SIADR
ADFR,SIAVL
ADFR,SIAVR
ADFR,SIBVR
ADFR,URYDR
ADFR,URYVR
ADFR,VA11
ADFR,VA12
ADFR,VB11
ADFR,VD1
ADFR,VD10
ADFR,VD11
ADFR,VD12
ADFR,VD13
ADFR,VD3
ADFR,VD4
ADFR,VD5
ADFR,VD6
ADFR,VD7
ADFR,VD8
ADFR,VD9
ADLL,CEPDL
ADLL,CEPDR
ADLL,RIML
ADLR,CEPVL
ADLR,NSMR
ADLR,PDER
AFDL,CEPVR
AFDL,HSNR
AFDR,PDEL
AIAL,CEPDR
AIAL,CEPVL
AIAL,PDEL
AIAL,RIML
AIAL,RIMR
AIAR,CEPDL
AIAR,CEPDR
AIAR,CEPVL
AIAR,PDEL
AIAR,RIML
AIBL,CEPDL
AIBL,CEPDR
AIBL,CEPVL
AIBL,PDEL
AIBL,RIML
AIBR,CEPDL
AIBR,HSNL
AIBR,HSNR
AIBR,PDER
AIBR,RIMR
AIML,CEPDL
AIML,CEPDR
AIML,CEPVL
AIML,CEPVR
AIML,NSML
AIML,NSMR
AIML,PDEL
AIML,PDER
AIMR,CEPDL
AIMR,CEPDR
AIMR,CEPVL
AIMR,CEPVR
AIMR,NSMR
AIMR,PDEL
AIMR,PDER
AIMR,RICR
AIYL,CEPDL
AIYL,CEPVL
AIYL,CEPVR
AIYL,HSNL
AIYL,PDEL
AIYL,PDER
AIYL,RIML
AIYL,RIMR
AIYR,CEPDR
AIYR,HSNL
AIYR,HSNR
AIYR,PDEL
AIYR,PDER
AIYR,RICR
AIYR,RIML
AIYR,RIMR
AIZL,CEPDR
AIZL,DVC
AIZL,NSML
AIZL,NSMR
AIZL,PDER
AIZL,RIMR
AIZR,CEPDL
AIZR,CEPDR
AIZR,PDER
AIZR,RIML
ALML,CEPDR
ALML,CEPVL
ALML,CEPVR
ALML,NSML
ALML,PDEL
ALML,RICR
ALML,RIML
ALML,RIMR
ALMR,CEPDR
ALMR,CEPVL
ALMR,CEPVR
ALMR,HSNL
ALMR,HSNR
ALMR,PDEL
ALMR,PDER
ALNL,CEPDL
ALNL,CEPDR
ALNL,NSMR
ALNL,PDEL
ALNL,PDER
ALNL,RIAL
ALNL,RIML
ALNL,RIMR
ALNR,CEPDR
ALNR,CEPVL
ALNR,CEPVR
ALNR,HSNL
ALNR,PDEL
ALNR,PDER
ALNR,RIMR
AS1,CEPDL
AS1,CEPVL
AS1,CEPVR
AS1,DD3
AS1,HSNL
AS1,PDEL
AS1,RIML
AS10,CEPDL
AS10,CEPVR
AS10,HSNL
AS10,PDEL
AS10,RIML
AS11,CEPDR
AS11,CEPVL
AS11,HSNR
AS11,NSMR
AS11,PDER
AS11,PVQL
AS2,CEPDR
AS2,CEPVR
AS2,HSNR
AS2,NSML
AS2,PDEL
AS2,RICR
AS2,RIMR
AS3,CEPDL
AS3,CEPDR
AS3,HSNL
AS3,NSML
AS3,PDEL
AS3,RIML
AS3,RIMR
AS4,CEPDR
AS4,CEPVR
AS4,HSNL
AS4,NSMR
AS4,PDEL
AS5,CEPDL
AS5,CEPVR
AS5,HSNL
AS5,HSNR
AS5,PDEL
AS5,PDER
AS6,CEPDL
AS6,CEPVL
AS6,HSNR
AS6,NSML
AS6,PDEL
AS6,PQR
AS6,RIMR
AS7,CEPDL
AS7,CEPVR
AS7,HSNR
AS7,PDER
AS7,RIML
AS8,CEPDL
AS8,CEPVL
AS8,HSNR
AS8,PDEL
AS8,PDER
AS8,RIMR
AS9,CEPDL
AS9,CEPDR
AS9,CEPVL
AS9,CEPVR
AS9,HSNL
AS9,PDEL
AS9,PDER
ASEL,CEPDR
ASEL,CEPVL
ASEL,CEPVR
ASEL,HSNL
ASEL,PDEL
ASEL,RICL
ASEL,RIML
ASEL,RIMR
ASEL,VD10
ASER,CEPDR
ASER,CEPVR
ASER,HSNL
ASER,NSML
ASER,PDEL
ASER,PDER
ASER,RIMR
ASGL,CEPDL
ASGL,CEPDR
ASGL,CEPVR
ASGL,NSMR
ASGL,PDEL
ASGL,PDER
ASGL,RIML
ASGL,RIMR
ASGR,CEPDR
ASGR,CEPVR
ASGR,HSNR
ASGR,PDEL
ASGR,PDER
ASGR,RIML
ASGR,RIMR
ASHL,CEPDL
ASHL,CEPDR
ASHL,CEPVR
ASHL,HSNL
ASHL,PDEL
ASHL,RICR
ASHL,RIML
ASHL,RIMR
ASHR,CEPDL
ASHR,CEPVL
ASHR,CEPVR
ASHR,HSNL
ASHR,HSNR
ASHR,PDEL
ASHR,RIMR
ASIL,CEPDL
ASIL,NSML
ASIR,CEPVL
ASIR,NSML
ASIR,PDEL
ASKL,CEPDL
ASKL,CEPDR
ASKL,CEPVL
ASKL,CEPVR
ASKL,HSNL
ASKL,NSML
ASKL,PDEL
ASKL,PDER
ASKL,RIML
ASKL,RIMR
ASKR,CEPDR
ASKR,CEPVL
ASKR,NSML
ASKR,NSMR
ASKR,PDER
ASKR,RIML
AUAL,CEPDL
AUAL,CEPDR
AUAL,CEPVL
AUAL,CEPVR
AUAL,NSMR
AUAL,PDEL
AUAL,RIMR
AUAR,NSML
AUAR,NSMR
AUAR,PDEL
AUAR,PDER
AUAR,RIML
AUAR,RIMR
AVBL,HSNL
AVBL,NSMR
AVFL,CEPDL
AVFL,CEPDR
AVFL,CEPVR
AVFL,DD1
AVFL,HSNR
AVFL,RIML
AVFL,RIMR
AVFR,CEPDR
AVFR,CEPVR
AVFR,HSNR
AVFR,NSML
AVFR,PDEL
AVFR,PDER
AVHL,CEPVR
AVHL,RIML
AVHR,PDER
AVHR,RIMR
AVJL,CEPDL
AVJL,CEPVR
AVJL,PDER
AVJR,CEPDL
AVJR,CEPVR
AVJR,HSNL
AVJR,PDER
AVJR,RIML
AVJR,RIMR
AVL,CEPVL
AVL,CEPVR
AVL,HSNL
AVL,HSNR
AVL,PDER
AVL,RIMR
AVM,CEPDL
AVM,CEPDR
AVM,CEPVL
AVM,CEPVR
AVM,HSNR
AVM,NSML
AVM,PDEL
AVM,PDER
AVM,RIML
AWBL,CEPDL
AWBL,CEPVL
AWBL,CEPVR
AWBL,PDEL
AWBL,PDER
AWBL,RIMR
AWBR,CEPDR
AWBR,CEPVL
AWBR,NSML
AWBR,PDER
AWBR,RIMR
AWCL,CEPDL
AWCR,RIML
BAGL,CEPDR
BAGL,PDEL
BAGR,CEPDL
BDUL,CEPVL
BDUR,PDER
CANL,CEPDL
CANL,CEPDR
CANL,CEPVL
CANL,CEPVR
CANL,NSML
CANL,PDEL
CANL,PDER
CANL,RIMR
CANR,CEPDL
CANR,CEPDR
CANR,CEPVR
CANR,HSNL
CANR,PDER
CANR,RICL
CANR,RIML
CANR,RIMR
CEPDL,CEPDL
CEPDL,CEPDR
CEPDL,CEPVL
CEPDL,CEPVR
CEPDL,DA1
CEPDL,DA3
CEPDL,DA5
CEPDL,DA6
CEPDL,DA7
CEPDL,DA9
CEPDL,DB2
CEPDL,DB4
CEPDL,DB7
CEPDL,DD1
CEPDL,DD2
CEPDL,DD3
CEPDL,DD4
CEPDL,DD5
CEPDL,DD6
CEPDL,DVC
CEPDL,FLPL
CEPDL,HSNL
CEPDL,HSNR
CEPDL,I1L
CEPDL,I1R
CEPDL,I2L
CEPDL,I2R
CEPDL,I4
CEPDL,I6
CEPDL,IL1DL
CEPDL,IL1R
CEPDL,IL2DL
CEPDL,IL2DR
CEPDL,IL2L
CEPDL,IL2R
CEPDL,LUAR
CEPDL,M1
CEPDL,M2L
CEPDL,M3L
CEPDL,MCR
CEPDL,NSML
CEPDL,NSMR
CEPDL,OLQVL
CEPDL,PDEL
CEPDL,PDER
CEPDL,PHCL
CEPDL,PHCR
CEPDL,PLML
CEPDL,PLMR
CEPDL,PQR
CEPDL,PVDL
CEPDL,PVQL
CEPDL,PVQR
CEPDL,PVT
CEPDL,RIAL
CEPDL,RIAR
CEPDL,RIBL
CEPDL,RIBR
CEPDL,RICL
CEPDL,RICR
CEPDL,RIML
CEPDL,RIMR
CEPDL,RIS
CEPDL,RMDDL
CEPDL,RMDDR
CEPDL,RMDL
CEPDL,RMDR
CEPDL,RMDVL
CEPDL,RMEL
CEPDL,RMEV
CEPDL,RMFR
CEPDL,RMHL
CEPDL,SABVL
CEPDL,SDQL
CEPDL,SIADR
CEPDL,SIAVL
CEPDL,SIAVR
CEPDL,SIBDL
CEPDL,SIBDR
CEPDL,SIBVL
CEPDL,SIBVR
CEPDL,SMDVL
CEPDL,SMDVR
CEPDL,URYDL
CEPDL,URYDR
CEPDL,URYVL
CEPDL,URYVR
CEPDL,VA2
CEPDL,VA3
CEPDL,VA4
CEPDL,VA6
CEPDL,VA9
CEPDL,VB10
CEPDL,VB2
CEPDL,VB3
CEPDL,VB5
CEPDL,VB7
CEPDL,VB9
CEPDL,VD1
CEPDL,VD10
CEPDL,VD11
CEPDL,VD12
CEPDL,VD13
CEPDL,VD2
CEPDL,VD3
CEPDL,VD4
CEPDL,VD5
CEPDL,VD6
CEPDL,VD7
CEPDL,VD8
CEPDL,VD9
CEPDR,CEPDR
CEPDR,CEPVL
CEPDR,CEPVR
CEPDR,DA1
CEPDR,DA2
CEPDR,DA5
CEPDR,DA6
CEPDR,DA7
CEPDR,DB4
CEPDR,DB5
CEPDR,DB6
CEPDR,DB7
CEPDR,DD1
CEPDR,DD2
CEPDR,DD3
CEPDR,DD4
CEPDR,DD5
CEPDR,DD6
CEPDR,DVA
CEPDR,DVC
CEPDR,FLPL
CEPDR,HSNL
CEPDR,HSNR
CEPDR,I1L
CEPDR,I2L
CEPDR,I2R
CEPDR,I3
CEPDR,I6
CEPDR,IL1VL
CEPDR,IL1VR
CEPDR,IL2DR
CEPDR,IL2L
CEPDR,IL2R
CEPDR,IL2VL
CEPDR,M1
CEPDR,M2L
CEPDR,M2R
CEPDR,M3L
CEPDR,M5
CEPDR,NSML
CEPDR,NSMR
CEPDR,OLLL
CEPDR,OLQDR
CEPDR,OLQVR
CEPDR,PDEL
CEPDR,PDER
CEPDR,PHCL
CEPDR,PHCR
CEPDR,PLMR
CEPDR,PLNL
CEPDR,PLNR
CEPDR,PVDR
CEPDR,PVQL
CEPDR,PVQR
CEPDR,PVT
CEPDR,RIAL
CEPDR,RIAR
CEPDR,RIBL
CEPDR,RIBR
CEPDR,RICL
CEPDR,RICR
CEPDR,RID
CEPDR,RIML
CEPDR,RIMR
CEPDR,RIS
CEPDR,RMDDR
CEPDR,RMDL
CEPDR,RMDR
CEPDR,RMDVR
CEPDR,RMEL
CEPDR,RMHL
CEPDR,SIADL
CEPDR,SIADR
CEPDR,SIAVL
CEPDR,URYDL
CEPDR,URYDR
CEPDR,URYVL
CEPDR,URYVR
CEPDR,VA1
CEPDR,VA10
CEPDR,VA11
CEPDR,VA2
CEPDR,VA3
CEPDR,VA5
CEPDR,VA6
CEPDR,VA7
CEPDR,VA8
CEPDR,VB1
CEPDR,VB10
CEPDR,VB11
CEPDR,VB2
CEPDR,VB3
CEPDR,VB6
CEPDR,VB7
CEPDR,VB8
CEPDR,VB9
CEPDR,VD1
CEPDR,VD10
CEPDR,VD11
CEPDR,VD12
CEPDR,VD13
CEPDR,VD2
CEPDR,VD3
CEPDR,VD4
CEPDR,VD5
CEPDR,VD6
CEPDR,VD7
CEPDR,VD8
CEPDR,VD9
CEPVL,CEPVL
CEPVL,CEPVR
CEPVL,DA2
CEPVL,DA4
CEPVL,DA5
CEPVL,DA6
CEPVL,DA8
CEPVL,DB1
CEPVL,DB3
CEPVL,DB6
CEPVL,DB7
CEPVL,DD1
CEPVL,DD2
CEPVL,DD3
CEPVL,DD4
CEPVL,DD5
CEPVL,DD6
CEPVL,DVA
CEPVL,FLPR
CEPVL,HSNL
CEPVL,HSNR
CEPVL,I1L
CEPVL,I1R
CEPVL,I2L
CEPVL,I4
CEPVL,I6
CEPVL,IL1R
CEPVL,IL1VR
CEPVL,IL2L
CEPVL,IL2R
CEPVL,IL2VL
CEPVL,IL2VR
CEPVL,LUAL
CEPVL,M2L
CEPVL,M2R
CEPVL,M4
CEPVL,MCR
CEPVL,NSML
CEPVL,NSMR
CEPVL,PDA
CEPVL,PDEL
CEPVL,PDER
CEPVL,PHCL
CEPVL,PLML
CEPVL,PLMR
CEPVL,PLNL
CEPVL,PLNR
CEPVL,PQR
CEPVL,PVDL
CEPVL,PVQL
CEPVL,PVQR
CEPVL,PVT
CEPVL,RIAL
CEPVL,RIAR
CEPVL,RIBL
CEPVL,RIBR
CEPVL,RICL
CEPVL,RICR
CEPVL,RID
CEPVL,RIML
CEPVL,RIMR
CEPVL,RIS
CEPVL,RMDDL
CEPVL,RMDDR
CEPVL,RMDL
CEPVL,RMDR
CEPVL,RMDVR
CEPVL,RMED
CEPVL,RMER
CEPVL,RMFL
CEPVL,RMHR
CEPVL,SABVL
CEPVL,SDQL
CEPVL,SIADL
CEPVL,SIADR
CEPVL,SIAVR
CEPVL,SIBDR
CEPVL,SIBVL
CEPVL,SIBVR
CEPVL,SMDDR
CEPVL,URYDL
CEPVL,URYDR
CEPVL,URYVL
CEPVL,URYVR
CEPVL,VA1
CEPVL,VA10
CEPVL,VA11
CEPVL,VA12
CEPVL,VA3
CEPVL,VA5
CEPVL,VA8
CEPVL,VB1
CEPVL,VB10
CEPVL,VB11
CEPVL,VB2
CEPVL,VB3
CEPVL,VB4
CEPVL,VB5
CEPVL,VB6
CEPVL,VB7
CEPVL,VB9
CEPVL,VD1
CEPVL,VD10
CEPVL,VD11
CEPVL,VD12
CEPVL,VD13
CEPVL,VD2
CEPVL,VD3
CEPVL,VD4
CEPVL,VD5
CEPVL,VD6
CEPVL,VD7
CEPVL,VD8
CEPVL,VD9
CEPVR,CEPVR
CEPVR,DA3
CEPVR,DA6
CEPVR,DA7
CEPVR,DA8
CEPVR,DA9
CEPVR,DB1
CEPVR,DB2
CEPVR,DD1
CEPVR,DD2
CEPVR,DD3
CEPVR,DD4
CEPVR,DD5
CEPVR,DD6
CEPVR,FLPL
CEPVR,FLPR
CEPVR,HSNL
CEPVR,HSNR
CEPVR,I1L
CEPVR,I1R
CEPVR,I2L
CEPVR,I2R
CEPVR,I4
CEPVR,IL2DL
CEPVR,IL2DR
CEPVR,IL2R
CEPVR,IL2VL
CEPVR,IL2VR
CEPVR,LUAL
CEPVR,M2R
CEPVR,M3R
CEPVR,M4
CEPVR,MCL
CEPVR,MCR
CEPVR,NSML
CEPVR,NSMR
CEPVR,OLLR
CEPVR,OLQVL
CEPVR,OLQVR
CEPVR,PDA
CEPVR,PDEL
CEPVR,PDER
CEPVR,PHAL
CEPVR,PHAR
CEPVR,PHBR
CEPVR,PHCL
CEPVR,PLMR
CEPVR,PLNL
CEPVR,PLNR
CEPVR,PQR
CEPVR,PVCR
CEPVR,PVDL
CEPVR,PVDR
CEPVR,PVQL
CEPVR,PVQR
CEPVR,PVT
CEPVR,RIAL
CEPVR,RIAR
CEPVR,RIBL
CEPVR,RIBR
CEPVR,RICL
CEPVR,RICR
CEPVR,RID
CEPVR,RIML
CEPVR,RIMR
CEPVR,RMDDL
CEPVR,RMDDR
CEPVR,RMDVL
CEPVR,RMED
CEPVR,RMEL
CEPVR,RMER
CEPVR,RMEV
CEPVR,RMFR
CEPVR,RMHL
CEPVR,RMHR
CEPVR,SDQR
CEPVR,SIAVL
CEPVR,SIAVR
CEPVR,SIBDL
CEPVR,SIBVL
CEPVR,URYDL
CEPVR,URYVL
CEPVR,URYVR
CEPVR,VA12
CEPVR,VA2
CEPVR,VA4
CEPVR,VA6
CEPVR,VA8
CEPVR,VA9
CEPVR,VB1
CEPVR,VB2
CEPVR,VB4
CEPVR,VB7
CEPVR,VB8
CEPVR,VB9
CEPVR,VD1
CEPVR,VD10
CEPVR,VD11
CEPVR,VD12
CEPVR,VD13
CEPVR,VD2
CEPVR,VD3
CEPVR,VD4
CEPVR,VD5
CEPVR,VD6
CEPVR,VD7
CEPVR,VD8
CEPVR,VD9
DA1,HSNR
DA1,NSMR
DA1,RIMR
DA2,HSNR
DA2,NSMR
DA2,PDEL
DA2,RIMR
DA3,PDEL
DA3,PDER
DA3,RIMR
DA4,HSNL
DA4,NSMR
DA4,PDEL
DA4,PDER
DA5,HSNR
DA5,NSMR
DA5,RIMR
DA6,NSML
DA6,NSMR
DA6,PDER
DA7,HSNR
DA7,NSML
DA7,PDEL
DA7,RIML
DA8,HSNL
DA8,HSNR
DA8,PDER
DA8,RIMR
DA9,HSNL
DA9,HSNR
DA9,NSML
DA9,NSMR
DA9,PDEL
DA9,PDER
DA9,RIML
DA9,VD8
DB1,HSNL
DB1,PDEL
DB2,NSMR
DB2,PDEL
DB2,PDER
DB2,RIMR
DB2,VD9
DB3,NSML
DB3,NSMR
DB3,PDEL
DB3,PDER
DB3,RIML
DB3,RIMR
DB4,PDEL
DB4,PDER
DB4,RIMR
DB5,HSNR
DB5,PDEL
DB5,PDER
DB5,RICR
DB5,RIMR
DB6,NSML
DB6,PDER
DB6,RIML
DB6,RIMR
DB7,PDER
DB7,RICL
DB7,RIMR
DD1,HSNR
DD1,NSML
DD1,PDEL
DD1,PDER
DD1,RICL
DD1,RIML
DD1,RIMR
DD2,HSNL
DD2,HSNR
DD2,PDEL
DD2,PDER
DD2,RIML
DD2,RIMR
DD2,VD3
DD3,HSNR
DD3,NSMR
DD3,PDEL
DD3,PDER
DD3,RICL
DD3,RIMR
DD4,HSNL
DD4,HSNR
DD4,NSMR
DD4,PDEL
DD4,PDER
DD4,RIML
DD4,RIMR
DD5,HSNL
DD5,HSNR
DD5,NSML
DD5,NSMR
DD5,PDER
DD5,RID
DD5,RIML
DD5,RIMR
DD6,HSNL
DD6,HSNR
DD6,NSMR
DD6,PDEL
DD6,PDER
DD6,RICL
DD6,RIML
DVA,HSNR
DVA,PDEL
DVA,RIML
DVC,HSNL
DVC,PDER
DVC,RIMR
FLPL,HSNL
FLPL,PDER
FLPL,RIMR
FLPR,HSNR
FLPR,NSML
FLPR,PDEL
FLPR,PDER
HSNL,HSNR
HSNL,I1R
HSNL,I2R
HSNL,IL2VR
HSNL,M1
HSNL,MCL
HSNL,NSML
HSNL,NSMR
HSNL,OLLL
HSNL,PDEL
HSNL,PDER
HSNL,PHBL
HSNL,PHCL
HSNL,PLNR
HSNL,PVDL
HSNL,PVDR
HSNL,PVQL
HSNL,PVQR
HSNL,RIAR
HSNL,RIBL
HSNL,RIBR
HSNL,RICL
HSNL,RICR
HSNL,RID
HSNL,RIML
HSNL,RIMR
HSNL,RIS
HSNL,RMDDL
HSNL,RMER
HSNL,RMEV
HSNL,RMHL
HSNL,SIADL
HSNL,SIBDR
HSNL,SIBVR
HSNL,URYDR
HSNL,URYVL
HSNL,URYVR
HSNL,VA9
HSNL,VB4
HSNL,VB6
HSNL,VB8
HSNL,VD1
HSNL,VD10
HSNL,VD11
HSNL,VD12
HSNL,VD13
HSNL,VD2
HSNL,VD4
HSNL,VD5
HSNL,VD6
HSNL,VD7
HSNL,VD9
HSNR,I2R
HSNR,I3
HSNR,I6
HSNR,IL2VL
HSNR,M2L
HSNR,M3L
HSNR,M4
HSNR,M5
HSNR,MCR
HSNR,NSML
HSNR,NSMR
HSNR,PDEL
HSNR,PDER
HSNR,PQR
HSNR,PVCL
HSNR,PVDR
HSNR,PVQL
HSNR,RIAL
HSNR,RIAR
HSNR,RICL
HSNR,RICR
HSNR,RIML
HSNR,RIMR
HSNR,RMDDR
HSNR,RMEV
HSNR,RMFL
HSNR,SABD
HSNR,SIADL
HSNR,SIADR
HSNR,SIAVL
HSNR,SIBVL
HSNR,URYDL
HSNR,URYDR
HSNR,URYVL
HSNR,URYVR
HSNR,VA12
HSNR,VA5
HSNR,VA9
HSNR,VB1
HSNR,VB10
HSNR,VB7
HSNR,VD11
HSNR,VD12
HSNR,VD13
HSNR,VD3
HSNR,VD4
HSNR,VD5
HSNR,VD6
HSNR,VD8
HSNR,VD9
I1L,NSML
I1L,PDEL
I1L,PDER
I1R,NSMR
I1R,PDEL
I1R,PDER
I2L,NSML
I2L,NSMR
I2L,PDEL
I2L,PDER
I2L,RICL
I2L,RICR
I2L,RIML
I2R,NSML
I2R,NSMR
I2R,PDEL
I2R,PDER
I2R,RIML
I2R,RIMR
I3,PDER
I3,RICR
I4,PDEL
I4,RIMR
I6,NSML
I6,PDER
IL1DL,PDEL
IL1DR,RIML
IL1L,PDER
IL1L,RIMR
IL1VL,NSML
IL2DL,PDEL
IL2DL,PDER
IL2DL,RIML
IL2DL,RIMR
IL2DR,NSML
IL2DR,PDER
IL2DR,RIMR
IL2L,PDEL
IL2L,PDER
IL2L,RIML
IL2L,RIMR
IL2R,NSML
IL2R,RICR
IL2VL,PDEL
IL2VL,PDER
IL2VL,RIML
IL2VR,NSML
IL2VR,RIML
IL2VR,RIMR
LUAR,RIML
M1,RIML
M1,RIMR
M1,VD7
M2R,PDER
M3L,NSMR
M3R,NSMR
M3R,PDEL
M3R,RICL
M3R,RIMR
M4,NSMR
M4,PDEL
M4,VD7
M5,NSMR
M5,PDEL
MCL,PDEL
MCL,PDER
MCL,RIML
MCR,PDER
MCR,RIML
NSML,NSML
NSML,NSMR
NSML,PDA
NSML,PDEL
NSML,PDER
NSML,PLML
NSML,PLNL
NSML,PVQR
NSML,RIAL
NSML,RIAR
NSML,RIBL
NSML,RICL
NSML,RICR
NSML,RID
NSML,RIML
NSML,RIMR
NSML,RIS
NSML,RMDVL
NSML,RMED
NSML,RMEV
NSML,RMHL
NSML,SIADL
NSML,SIADR
NSML,SIAVL
NSML,SIAVR
NSML,SIBDL
NSML,URYDL
NSML,URYDR
NSML,URYVL
NSML,URYVR
NSML,VA1
NSML,VA11
NSML,VA5
NSML,VA6
NSML,VA7
NSML,VA9
NSML,VB6
NSML,VB7
NSML,VB8
NSML,VD1
NSML,VD10
NSML,VD11
NSML,VD12
NSML,VD13
NSML,VD2
NSML,VD3
NSML,VD4
NSML,VD5
NSML,VD6
NSML,VD7
NSML,VD8
NSML,VD9
NSMR,NSMR
NSMR,PDA
NSMR,PDEL
NSMR,PDER
NSMR,PHCR
NSMR,PLNL
NSMR,PLNR
NSMR,PVDR
NSMR,PVQL
NSMR,PVQR
NSMR,RIAL
NSMR,RIAR
NSMR,RIBR
NSMR,RICL
NSMR,RICR
NSMR,RID
NSMR,RIML
NSMR,RIMR
NSMR,RIS
NSMR,RMDDL
NSMR,RMDDR
NSMR,RMDR
NSMR,RMDVR
NSMR,RMED
NSMR,RMFL
NSMR,SABVR
NSMR,SIADR
NSMR,SIAVR
NSMR,SIBDL
NSMR,URYDL
NSMR,URYVL
NSMR,VA12
NSMR,VA2
NSMR,VA4
NSMR,VA9
NSMR,VB1
NSMR,VB10
NSMR,VB11
NSMR,VB3
NSMR,VB5
NSMR,VB9
NSMR,VD1
NSMR,VD11
NSMR,VD12
NSMR,VD13
NSMR,VD2
NSMR,VD3
NSMR,VD4
NSMR,VD6
NSMR,VD7
NSMR,VD8
NSMR,VD9
OLLR,PDER
PDA,PDER
PDA,RIML
PDA,VB7
PDEL,PDEL
PDEL,PDER
PDEL,PHBL
PDEL,PLML
PDEL,PLNL
PDEL,PQR
PDEL,PVCR
PDEL,PVDR
PDEL,PVQL
PDEL,PVQR
PDEL,PVT
PDEL,RIAL
PDEL,RIAR
PDEL,RIBL
PDEL,RIBR
PDEL,RICL
PDEL,RICR
PDEL,RID
PDEL,RIML
PDEL,RIMR
PDEL,RMDDR
PDEL,RMDL
PDEL,RMDR
PDEL,RMDVL
PDEL,RMDVR
PDEL,RMED
PDEL,RMER
PDEL,RMEV
PDEL,RMFR
PDEL,RMHL
PDEL,RMHR
PDEL,SABD
PDEL,SIADR
PDEL,SIAVL
PDEL,SIAVR
PDEL,SIBDL
PDEL,SIBDR
PDEL,SIBVL
PDEL,SIBVR
PDEL,URYDL
PDEL,URYDR
PDEL,URYVL
PDEL,URYVR
PDEL,VA1
PDEL,VA10
PDEL,VA11
PDEL,VA12
PDEL,VA4
PDEL,VA6
PDEL,VA8
PDEL,VB1
PDEL,VB10
PDEL,VB2
PDEL,VB3
PDEL,VB5
PDEL,VB6
PDEL,VD1
PDEL,VD10
PDEL,VD11
PDEL,VD12
PDEL,VD13
PDEL,VD2
PDEL,VD3
PDEL,VD4
PDEL,VD5
PDEL,VD6
PDEL,VD7
PDEL,VD8
PDEL,VD9
PDER,PDER
PDER,PHAR
PDER,PHCR
PDER,PLNR
PDER,PVDL
PDER,PVDR
PDER,PVQL
PDER,PVQR
PDER,RIAL
PDER,RIAR
PDER,RIBL
PDER,RIBR
PDER,RICL
PDER,RICR
PDER,RID
PDER,RIML
PDER,RIMR
PDER,RIS
PDER,RMDL
PDER,RMDR
PDER,RMDVL
PDER,RMED
PDER,RMEL
PDER,RMER
PDER,RMFL
PDER,RMHR
PDER,SIADL
PDER,SIADR
PDER,SIAVL
PDER,SIAVR
PDER,SIBDL
PDER,SIBDR
PDER,SIBVL
PDER,SIBVR
PDER,SMDVR
PDER,URYDL
PDER,URYDR
PDER,URYVL
PDER,URYVR
PDER,VA1
PDER,VA11
PDER,VA3
PDER,VA4
PDER,VA5
PDER,VA6
PDER,VA7
PDER,VA8
PDER,VB3
PDER,VB4
PDER,VB5
PDER,VB6
PDER,VB8
PDER,VD1
PDER,VD10
PDER,VD11
PDER,VD12
PDER,VD13
PDER,VD2
PDER,VD3
PDER,VD4
PDER,VD5
PDER,VD6
PDER,VD7
PDER,VD8
PDER,VD9
PHAL,RICL
PHCL,RIML
PHCR,RIML
PLML,RIML
PLML,RIMR
PLML,RMDDL
PLMR,RICR
PLMR,RIML
PLNL,RICR
PLNR,RIMR
PVDL,RICL
PVDL,RIML
PVDL,RIMR
PVDR,RIML
PVDR,RIMR
PVQL,RIML
PVQL,RIMR
PVQL,VD10
PVQR,RICL
PVQR,RICR
PVQR,RIML
PVQR,RIMR
PVT,RIML
PVT,RIMR
RIAL,RIML
RIAL,RIMR
RIAR,RICL
RIAR,RIML
RIAR,RIMR
RIBL,RICL
RIBL,RIML
RIBL,RIMR
RIBR,RICL
RIBR,RIML
RIBR,RMDVR
RICL,RICL
RICL,RICR
RICL,RID
RICL,RIML
RICL,RIMR
RICL,RMEL
RICL,VB1
RICL,VB7
RICL,VD1
RICL,VD3
RICR,RICR
RICR,RIML
RICR,RIMR
RICR,RIS
RICR,SIADL
RICR,SIAVR
RICR,URYDL
RICR,URYDR
RICR,VA7
RICR,VD3
RICR,VD6
RID,RIML
RID,RIMR
RIML,RIMR
RIML,RIS
RIML,RMDDR
RIML,RMDVL
RIML,RMDVR
RIML,RMED
RIML,SDQR
RIML,SIADL
RIML,SIBDR
RIML,SMDVL
RIML,URYDR
RIML,URYVL
RIML,URYVR
RIML,VA1
RIML,VA10
RIML,VA12
RIML,VA2
RIML,VA3
RIML,VA6
RIML,VA7
RIML,VA8
RIML,VB1
RIML,VB10
RIML,VB2
RIML,VB3
RIML,VB4
RIML,VB5
RIML,VB6
RIML,VB8
RIML,VD1
RIML,VD10
RIML,VD11
RIML,VD12
RIML,VD13
RIML,VD2
RIML,VD3
RIML,VD4
RIML,VD5
RIML,VD6
RIML,VD8
RIMR,RIS
RIMR,RMEL
RIMR,RMER
RIMR,RMEV
RIMR,SABVR
RIMR,SIADL
RIMR,SIADR
RIMR,SIAVR
RIMR,URYDL
RIMR,URYDR
RIMR,URYVL
RIMR,VA10
RIMR,VA2
RIMR,VA3
RIMR,VA4
RIMR,VA5
RIMR,VA7
RIMR,VA8
RIMR,VA9
RIMR,VB11
RIMR,VB2
RIMR,VB9
RIMR,VD1
RIMR,VD10
RIMR,VD11
RIMR,VD12
RIMR,VD13
RIMR,VD2
RIMR,VD4
RIMR,VD5
RIMR,VD6
RIMR,VD7
RIMR,VD8
RIMR,VD9
SIAVL,URYDL
URYVR,VD1
VA3,VD8
VB11,VD2
VB8,VD2
VD1,VD5
