ADEL,ADEL
ADEL,ADER
ADEL,ADFL
ADEL,ADFR
ADEL,ADLR
ADEL,AIAL
ADEL,AIBL
ADEL,AIBR
ADEL,AIML
ADEL,AIMR
ADEL,AIYL
ADEL,AIZR
ADEL,ALML
ADEL,ALMR
ADEL,ALNR
ADEL,AS1
ADEL,AS10
ADEL,AS2
ADEL,AS3
ADEL,AS8
ADEL,AS9
ADEL,ASEL
ADEL,ASER
ADEL,ASHL
ADEL,ASHR
ADEL,ASKL
ADEL,ASKR
ADEL,AVFL
ADEL,AVJL
ADEL,AVL
ADEL,AVM
ADEL,AWBR
ADEL,BDUL
ADEL,CEPDL
ADEL,CEPDR
ADEL,CEPVL
ADEL,CEPVR
ADEL,DA1
ADEL,DA2
ADEL,DA3
ADEL,DA6
ADEL,DA7
ADEL,DA8
ADEL,DA9
ADEL,DB1
ADEL,DB2
ADEL,DB3
ADEL,DB4
ADEL,DB5
ADEL,DB6
ADEL,DD1
ADEL,DD2
ADEL,DD3
ADEL,DD4
ADEL,DD5
ADEL,DD6
ADEL,FLPL
ADEL,HSNL
ADEL,HSNR
ADEL,I1L
ADEL,I1R
ADEL,I2L
ADEL,I2R
ADEL,I3
ADEL,IL2DL
ADEL,IL2L
ADEL,IL2R
ADEL,IL2VL
ADEL,M1
ADEL,M2R
ADEL,M3L
ADEL,MCR
ADEL,NSML
ADEL,NSMR
ADEL,OLQDR
ADEL,OLQVL
ADEL,OLQVR
ADEL,PDA
ADEL,PDEL
ADEL,PDER
ADEL,PHCR
ADEL,PLML
ADEL,PLMR
ADEL,PLNL
ADEL,PVDL
ADEL,PVDR
ADEL,PVQL
ADEL,PVQR
ADEL,RIAL
ADEL,RIBL
ADEL,RIBR
ADEL,RICL
ADEL,RICR
ADEL,RID
ADEL,RIML
ADEL,RIMR
ADEL,RIS
ADEL,RMDDL
ADEL,RMDDR
ADEL,RMDL
ADEL,RMDR
ADEL,RMDVR
ADEL,RMED
ADEL,RMEL
ADEL,RMER
ADEL,RMEV
ADEL,RMFL
ADEL,RMFR
ADEL,RMHL
ADEL,SABVL
ADEL,SABVR
ADEL,SIADL
ADEL,SIAVL
ADEL,SIAVR
ADEL,SIBDR
ADEL,SIBVL
ADEL,SMDDR
ADEL,URYDL
ADEL,URYDR
ADEL,URYVL
ADEL,URYVR
ADEL,VA1
ADEL,VA11
ADEL,VA12
ADEL,VA4
ADEL,VA6
ADEL,VA9
ADEL,VB1
ADEL,VB10
ADEL,VB4
ADEL,VB5
ADEL,VB6
ADEL,VB7
ADEL,VB9
ADEL,VD1
ADEL,VD10
ADEL,VD11
ADEL,VD12
ADEL,VD13
ADEL,VD2
ADEL,VD3
ADEL,VD4
ADEL,VD5
ADEL,VD6
ADEL,VD7
ADEL,VD8
ADEL,VD9
ADER,ADER
ADER,ADFL
ADER,ADFR
ADER,AIAR
ADER,AIBR
ADER,AIML
ADER,AIYL
ADER,AIYR
ADER,AIZL
ADER,AIZR
ADER,ALML
ADER,ALMR
ADER,ALNL
ADER,ALNR
ADER,AS1
ADER,AS10
ADER,AS11
ADER,AS2
ADER,AS3
ADER,AS5
ADER,AS7
ADER,AS8
ADER,AS9
ADER,ASEL
ADER,ASER
ADER,ASGL
ADER,ASGR
ADER,ASHL
ADER,ASIL
ADER,ASKL
ADER,ASKR
ADER,AUAL
ADER,AUAR
ADER,AVBR
ADER,AVFL
ADER,AVFR
ADER,AVJL
ADER,AVJR
ADER,AVL
ADER,AVM
ADER,AWBL
ADER,AWBR
ADER,BAGR
ADER,BDUL
ADER,CANL
ADER,CANR
ADER,CEPDL
ADER,CEPDR
ADER,CEPVL
ADER,CEPVR
ADER,DA2
ADER,DA3
ADER,DA5
ADER,DA7
ADER,DA8
ADER,DA9
ADER,DB1
ADER,DB2
ADER,DB3
ADER,DB4
ADER,DB6
ADER,DD1
ADER,DD2
ADER,DD4
ADER,DD5
ADER,DD6
ADER,DVA
ADER,DVC
ADER,FLPR
ADER,HSNL
ADER,HSNR
ADER,I1L
ADER,I2L
ADER,I2R
ADER,I4
ADER,IL1DL
ADER,IL1VL
ADER,IL2DL
ADER,IL2VL
ADER,M3R
ADER,M5
ADER,MCL
ADER,MCR
ADER,NSML
ADER,NSMR
ADER,PDA
ADER,PDEL
ADER,PDER
ADER,PHAR
ADER,PHCL
ADER,PHCR
ADER,PLML
ADER,PLNL
ADER,PQR
ADER,PVDL
ADER,PVDR
ADER,PVQL
ADER,PVQR
ADER,RIAL
ADER,RIAR
ADER,RIBL
ADER,RIBR
ADER,RICL
ADER,RICR
ADER,RID
ADER,RIML
ADER,RIMR
ADER,RIS
ADER,RMDDL
ADER,RMDDR
ADER,RMDL
ADER,RMDVL
ADER,RMED
ADER,RMEL
ADER,RMER
ADER,RMEV
ADER,RMHR
ADER,SIADR
ADER,SIAVL
ADER,SIBVR
ADER,SMDVL
ADER,URYDL
ADER,URYDR
ADER,URYVL
ADER,VA10
ADER,VA3
ADER,VA4
ADER,VA5
ADER,VA6
ADER,VA8
ADER,VB3
ADER,VB4
ADER,VB8
ADER,VD1
ADER,VD10
ADER,VD11
ADER,VD12
ADER,VD13
ADER,VD2
ADER,VD3
ADER,VD4
ADER,VD5
ADER,VD6
ADER,VD7
ADER,VD8
ADER,VD9
ADFL,ADFR
ADFL,AIAR
ADFL,AIBL
ADFL,AIML
ADFL,AIYR
ADFL,ALMR
ADFL,ALNL
ADFL,ALNR
ADFL,AS3
ADFL,AS5
ADFL,AS8
ADFL,AS9
ADFL,ASGL
ADFL,ASHL
ADFL,ASKL
ADFL,ASKR
ADFL,AUAR
ADFL,AVM
ADFL,AWBL
ADFL,AWBR
ADFL,CEPDL
ADFL,CEPDR
ADFL,CEPVL
ADFL,CEPVR
ADFL,DA2
ADFL,DD1
ADFL,DD3
ADFL,DD4
ADFL,HSNL
ADFL,HSNR
ADFL,I1R
ADFL,I2L
ADFL,I3
ADFL,IL2DL
ADFL,IL2DR
ADFL,IL2L
ADFL,M1
ADFL,M2L
ADFL,NSML
ADFL,NSMR
ADFL,PDEL
ADFL,PDER
ADFL,PHCL
ADFL,PHCR
ADFL,PLNL
ADFL,PVQL
ADFL,RIAL
ADFL,RIAR
ADFL,RIBR
ADFL,RICL
ADFL,RICR
ADFL,RIML
ADFL,RIMR
ADFL,RMEV
ADFL,SIADL
ADFL,SIADR
ADFL,URYDL
ADFL,URYDR
ADFL,URYVL
ADFL,URYVR
ADFL,VA1
ADFL,VA11
ADFL,VA3
ADFL,VA9
ADFL,VB10
ADFL,VB5
ADFL,VB6
ADFL,VB7
ADFL,VB9
ADFL,VD1
ADFL,VD10
ADFL,VD12
ADFL,VD13
ADFL,VD2
ADFL,VD3
ADFL,VD4
ADFL,VD5
ADFL,VD6
ADFL,VD7
ADFL,VD9
ADFR,AIBL
ADFR,ALNR
ADFR,AS1
ADFR,AS10
ADFR,AS6
ADFR,AS7
ADFR,AS9
ADFR,ASGL
ADFR,ASHR
ADFR,AUAR
ADFR,AVJR
ADFR,CANR
ADFR,CEPDL
ADFR,CEPDR
ADFR,CEPVL
ADFR,CEPVR
ADFR,DA8
ADFR,DB5
ADFR,DD1
ADFR,DD3
ADFR,DD4
ADFR,DD5
ADFR,DD6
ADFR,HSNL
ADFR,HSNR
ADFR,I1L
ADFR,I3
ADFR,IL2DL
ADFR,IL2VL
ADFR,IL2VR
ADFR,MCR
ADFR,NSML
ADFR,NSMR
ADFR,OLQDL
ADFR,PDA
ADFR,PDEL
ADFR,PDER
ADFR,PLMR
ADFR,PQR
ADFR,PVQL
ADFR,PVQR
ADFR,PVT
ADFR,RIAL
ADFR,RIAR
ADFR,RIBL
ADFR,RIBR
ADFR,RICL
ADFR,RICR
ADFR,RID
ADFR,RIML
ADFR,RIMR
ADFR,RIS
ADFR,RMDDR
ADFR,RMDVR
ADFR,RMEL
ADFR,RMFR
ADFR,SIAVR
ADFR,SIBDL
ADFR,SMDDL
ADFR,URYDL
ADFR,URYDR
ADFR,URYVL
ADFR,URYVR
ADFR,VA10
ADFR,VA7
ADFR,VB10
ADFR,VB3
ADFR,VB8
ADFR,VD1
ADFR,VD10
ADFR,VD11
ADFR,VD12
ADFR,VD13
ADFR,VD2
ADFR,VD4
ADFR,VD6
ADFR,VD7
ADFR,VD8
ADFR,VD9
ADLL,CEPDL
ADLL,NSMR
ADLL,PDEL
ADLL,RIML
ADLR,CEPDL
ADLR,PDEL
ADLR,RIML
AFDL,NSML
AFDL,RIMR
AFDR,PDER
AFDR,RIML
AIAL,HSNR
AIAL,NSML
AIAL,PDEL
AIAL,RIML
AIAL,RIMR
AIAR,CEPDR
AIAR,CEPVL
AIAR,HSNL
AIAR,RIML
AIBL,CEPVL
AIBL,PDER
AIBL,RIML
AIBR,CEPDL
AIBR,HSNL
AIBR,PDER
AIBR,RIML
AIML,CEPDL
AIML,CEPVL
AIML,CEPVR
AIML,PDEL
AIML,PDER
AIML,RICR
AIML,RIML
AIMR,CEPDL
AIMR,CEPDR
AIMR,HSNL
AIMR,NSML
AIMR,PDEL
AIMR,PDER
AIMR,RICR
AIMR,RIML
AIMR,RIMR
AIYL,CEPDL
AIYL,CEPVL
AIYL,CEPVR
AIYL,HSNR
AIYL,NSML
AIYL,PDER
AIYL,RIML
AIYL,RIMR
AIYR,CEPVR
AIYR,HSNR
AIYR,NSMR
AIYR,PDEL
AIYR,PDER
AIYR,RICL
AIYR,RICR
AIYR,RIMR
AIZL,CEPDR
AIZL,CEPVL
AIZL,CEPVR
AIZL,HSNL
AIZL,NSMR
AIZL,PDEL
AIZL,RIML
AIZR,CEPDL
AIZR,CEPDR
AIZR,CEPVR
AIZR,PDEL
AIZR,PVQL
AIZR,RIMR
ALML,CEPDL
ALML,CEPDR
ALML,CEPVL
ALML,CEPVR
ALML,HSNL
ALML,RICR
ALML,RIML
ALML,RIMR
ALMR,CEPDL
ALMR,CEPVR
ALMR,HSNL
ALMR,PDEL
ALMR,PDER
ALMR,RIML
ALMR,RIMR
ALNL,CEPDR
ALNL,CEPVL
ALNL,CEPVR
ALNL,HSNR
ALNL,NSML
ALNL,PDEL
ALNL,PDER
ALNL,RIMR
ALNR,CEPDL
ALNR,CEPDR
ALNR,CEPVL
ALNR,CEPVR
ALNR,PDEL
ALNR,RIMR
AS1,CEPDL
AS1,CEPVL
AS1,CEPVR
AS1,RIML
AS1,RIMR
AS10,CEPDL
AS10,CEPDR
AS10,CEPVL
AS10,PDEL
AS10,RIMR
AS11,CEPDR
AS11,CEPVL
AS11,CEPVR
AS11,NSML
AS11,PDER
AS11,RIML
AS11,RIMR
AS2,CEPDR
AS2,CEPVL
AS2,HSNL
AS2,NSML
AS2,NSMR
AS2,PDER
AS3,CEPDL
AS3,CEPDR
AS3,HSNL
AS3,NSMR
AS3,PDER
AS4,CEPDL
AS4,CEPDR
AS4,CEPVL
AS4,HSNR
AS4,NSML
AS4,PDEL
AS4,RIMR
AS4,SIADR
AS5,CEPDL
AS5,CEPDR
AS5,CEPVR
AS5,HSNR
AS5,NSML
AS5,RIMR
AS6,CEPDL
AS6,CEPDR
AS6,CEPVL
AS6,CEPVR
AS6,HSNL
AS6,PDER
AS6,RIML
AS7,CEPVL
AS7,CEPVR
AS7,NSMR
AS7,PDEL
AS7,PDER
AS7,RIML
AS8,CEPDL
AS8,PDEL
AS8,PDER
AS8,RIML
AS8,RIMR
AS9,CEPDL
AS9,CEPVL
AS9,HSNL
AS9,PDEL
ASEL,CEPDL
ASEL,CEPDR
ASEL,CEPVR
ASEL,HSNL
ASEL,PDEL
ASEL,PDER
ASEL,RIML
ASEL,RIMR
ASER,CEPDL
ASER,CEPDR
ASER,CEPVL
ASER,HSNL
ASER,NSML
ASER,PDEL
ASER,PDER
ASER,RIML
ASGL,CEPDL
ASGL,CEPVL
ASGL,HSNL
ASGL,PDEL
ASGL,PDER
ASGL,RIML
ASGL,RIMR
ASGR,CEPDL
ASGR,CEPVL
ASGR,CEPVR
ASGR,HSNL
ASGR,HSNR
ASGR,NSML
ASGR,NSMR
ASGR,PDER
ASGR,RIML
ASHL,CEPDR
ASHL,CEPVL
ASHL,HSNR
ASHL,NSML
ASHL,PDER
ASHL,RICR
ASHL,RIMR
ASHR,CEPVL
ASHR,HSNL
ASHR,HSNR
ASHR,NSML
ASHR,NSMR
ASHR,PDEL
ASHR,PDER
ASHR,RIMR
ASIL,CEPDL
ASIL,CEPDR
ASIL,PDEL
ASIR,CEPDR
ASIR,CEPVL
ASIR,CEPVR
ASIR,PDEL
ASKL,CEPDL
ASKL,CEPDR
ASKL,CEPVL
ASKL,CEPVR
ASKL,PDEL
ASKL,RICR
ASKL,RIMR
ASKR,CEPDL
ASKR,CEPDR
ASKR,CEPVL
ASKR,CEPVR
ASKR,NSMR
ASKR,RID
ASKR,RIMR
AUAL,CEPDR
AUAL,CEPVL
AUAL,HSNR
AUAL,NSML
AUAL,PDEL
AUAL,PDER
AUAL,RIML
AUAL,RIMR
AUAL,SIAVR
AUAR,CEPDL
AUAR,CEPVL
AUAR,CEPVR
AUAR,PDEL
AUAR,PDER
AUAR,RIML
AUAR,RIMR
AVBL,CEPVR
AVBL,RIML
AVBR,PDER
AVFL,CEPDR
AVFL,CEPVL
AVFL,CEPVR
AVFL,HSNR
AVFL,NSML
AVFL,RIMR
AVFR,CEPDR
AVFR,CEPVL
AVFR,HSNR
AVFR,PDEL
AVFR,PDER
AVFR,RIML
AVFR,RIMR
AVHL,CEPDL
AVHL,PDER
AVHR,CEPDR
AVHR,PDER
AVJL,CEPDL
AVJL,CEPDR
AVJL,CEPVR
AVJL,PDER
AVJR,CEPDL
AVJR,CEPVL
AVJR,CEPVR
AVJR,HSNL
AVL,CEPVL
AVL,CEPVR
AVL,PDEL
AVL,PDER
AVL,RICL
AVL,RIMR
AVM,CEPDL
AVM,CEPDR
AVM,CEPVL
AVM,NSML
AVM,NSMR
AVM,PDER
AVM,RIMR
AWBL,CEPDL
AWBL,CEPDR
AWBL,CEPVR
AWBL,NSMR
AWBL,PDEL
AWBL,RIML
AWBR,CEPDR
AWBR,CEPVL
AWBR,CEPVR
AWBR,NSML
AWBR,NSMR
AWCL,CEPVL
AWCL,HSNR
AWCR,HSNL
AWCR,PDEL
BAGL,RIML
BAGL,RIMR
BAGR,PDEL
BDUR,CEPVR
BDUR,PDER
CANL,CEPDL
CANL,CEPVL
CANL,CEPVR
CANL,HSNR
CANL,NSML
CANL,NSMR
CANL,PDEL
CANL,PDER
CANL,RIML
CANR,CEPDL
CANR,CEPDR
CANR,CEPVR
CANR,HSNL
CANR,NSMR
CANR,PDEL
CANR,PDER
CANR,RIMR
CEPDL,CEPDL
CEPDL,CEPDR
CEPDL,CEPVL
CEPDL,CEPVR
CEPDL,DA1
CEPDL,DA2
CEPDL,DA3
CEPDL,DA4
CEPDL,DA6
CEPDL,DA7
CEPDL,DA9
CEPDL,DB2
CEPDL,DB5
CEPDL,DB6
CEPDL,DD1
CEPDL,DD2
CEPDL,DD3
CEPDL,DD4
CEPDL,DD5
CEPDL,DD6
CEPDL,DVA
CEPDL,DVC
CEPDL,FLPL
CEPDL,HSNL
CEPDL,HSNR
CEPDL,I1L
CEPDL,I1R
CEPDL,I2L
CEPDL,I2R
CEPDL,I4
CEPDL,I6
CEPDL,IL1VR
CEPDL,IL2DR
CEPDL,IL2R
CEPDL,IL2VR
CEPDL,M1
CEPDL,M2L
CEPDL,M2R
CEPDL,M4
CEPDL,M5
CEPDL,MCR
CEPDL,NSML
CEPDL,NSMR
CEPDL,OLQDL
CEPDL,OLQVL
CEPDL,PDA
CEPDL,PDEL
CEPDL,PDER
CEPDL,PHAL
CEPDL,PHBR
CEPDL,PHCR
CEPDL,PLNL
CEPDL,PLNR
CEPDL,PVCR
CEPDL,PVDR
CEPDL,PVQL
CEPDL,PVQR
CEPDL,PVT
CEPDL,RIAL
CEPDL,RIAR
CEPDL,RIBL
CEPDL,RIBR
CEPDL,RICL
CEPDL,RICR
CEPDL,RID
CEPDL,RIML
CEPDL,RIMR
CEPDL,RIS
CEPDL,RMDDL
CEPDL,RMDL
CEPDL,RMDR
CEPDL,RMED
CEPDL,RMEV
CEPDL,RMFL
CEPDL,RMFR
CEPDL,SIADR
CEPDL,SIAVL
CEPDL,SIAVR
CEPDL,SIBDL
CEPDL,SIBDR
CEPDL,SIBVL
CEPDL,SIBVR
CEPDL,URYDL
CEPDL,URYDR
CEPDL,URYVL
CEPDL,URYVR
CEPDL,VA2
CEPDL,VA4
CEPDL,VA6
CEPDL,VA7
CEPDL,VA8
CEPDL,VB1
CEPDL,VB11
CEPDL,VB2
CEPDL,VB3
CEPDL,VB5
CEPDL,VB6
CEPDL,VB7
CEPDL,VD1
CEPDL,VD10
CEPDL,VD11
CEPDL,VD12
CEPDL,VD13
CEPDL,VD3
CEPDL,VD4
CEPDL,VD5
CEPDL,VD6
CEPDL,VD7
CEPDL,VD8
CEPDL,VD9
CEPDR,CEPVL
CEPDR,CEPVR
CEPDR,DA1
CEPDR,DA2
CEPDR,DA4
CEPDR,DA5
CEPDR,DA6
CEPDR,DA9
CEPDR,DB2
CEPDR,DB3
CEPDR,DB4
CEPDR,DB5
CEPDR,DB6
CEPDR,DB7
CEPDR,DD1
CEPDR,DD2
CEPDR,DD3
CEPDR,DD4
CEPDR,DD5
CEPDR,DD6
CEPDR,DVC
CEPDR,FLPR
CEPDR,HSNL
CEPDR,HSNR
CEPDR,I1L
CEPDR,I1R
CEPDR,I2L
CEPDR,I3
CEPDR,I4
CEPDR,IL2DL
CEPDR,IL2DR
CEPDR,IL2L
CEPDR,IL2VL
CEPDR,LUAR
CEPDR,M2L
CEPDR,M2R
CEPDR,M3R
CEPDR,M4
CEPDR,MCL
CEPDR,NSML
CEPDR,NSMR
CEPDR,PDA
CEPDR,PDEL
CEPDR,PDER
CEPDR,PHBL
CEPDR,PLML
CEPDR,PLMR
CEPDR,PVCL
CEPDR,PVDL
CEPDR,PVDR
CEPDR,PVQL
CEPDR,PVQR
CEPDR,RIAL
CEPDR,RIAR
CEPDR,RIBR
CEPDR,RICL
CEPDR,RICR
CEPDR,RID
CEPDR,RIML
CEPDR,RIMR
CEPDR,RMDDL
CEPDR,RMDDR
CEPDR,RMDL
CEPDR,RMDR
CEPDR,RMDVL
CEPDR,RMDVR
CEPDR,RMEL
CEPDR,RMER
CEPDR,RMFR
CEPDR,RMHL
CEPDR,RMHR
CEPDR,SDQL
CEPDR,SIADL
CEPDR,SIAVL
CEPDR,SIAVR
CEPDR,SIBDL
CEPDR,SIBDR
CEPDR,SIBVL
CEPDR,SIBVR
CEPDR,SMDVL
CEPDR,SMDVR
CEPDR,URYDL
CEPDR,URYDR
CEPDR,URYVL
CEPDR,URYVR
CEPDR,VA10
CEPDR,VA11
CEPDR,VA3
CEPDR,VA4
CEPDR,VA5
CEPDR,VA7
CEPDR,VA8
CEPDR,VA9
CEPDR,VB10
CEPDR,VB11
CEPDR,VB2
CEPDR,VB3
CEPDR,VB7
CEPDR,VB8
CEPDR,VB9
CEPDR,VD1
CEPDR,VD10
CEPDR,VD11
CEPDR,VD12
CEPDR,VD13
CEPDR,VD2
CEPDR,VD3
CEPDR,VD4
CEPDR,VD5
CEPDR,VD6
CEPDR,VD7
CEPDR,VD8
CEPDR,VD9
CEPVL,CEPVL
CEPVL,CEPVR
CEPVL,DA3
CEPVL,DA4
CEPVL,DA5
CEPVL,DA6
CEPVL,DA7
CEPVL,DA8
CEPVL,DA9
CEPVL,DB4
CEPVL,DB5
CEPVL,DB6
CEPVL,DD2
CEPVL,DD3
CEPVL,DD4
CEPVL,DD5
CEPVL,DD6
CEPVL,DVA
CEPVL,DVC
CEPVL,FLPL
CEPVL,FLPR
CEPVL,HSNL
CEPVL,HSNR
CEPVL,I2L
CEPVL,I2R
CEPVL,I3
CEPVL,I6
CEPVL,IL1DR
CEPVL,IL2DL
CEPVL,IL2VR
CEPVL,LUAR
CEPVL,M5
CEPVL,MCL
CEPVL,MCR
CEPVL,NSML
CEPVL,NSMR
CEPVL,OLLL
CEPVL,OLLR
CEPVL,PDEL
CEPVL,PDER
CEPVL,PHCL
CEPVL,PHCR
CEPVL,PLMR
CEPVL,PLNR
CEPVL,PQR
CEPVL,PVCL
CEPVL,PVDL
CEPVL,PVDR
CEPVL,PVQL
CEPVL,PVQR
CEPVL,PVT
CEPVL,RIAL
CEPVL,RIAR
CEPVL,RIBL
CEPVL,RIBR
CEPVL,RICL
CEPVL,RICR
CEPVL,RID
CEPVL,RIML
CEPVL,RIMR
CEPVL,RIS
CEPVL,RMDDL
CEPVL,RMDL
CEPVL,RMDR
CEPVL,RMDVL
CEPVL,RMDVR
CEPVL,RMED
CEPVL,RMEL
CEPVL,RMER
CEPVL,RMEV
CEPVL,RMHL
CEPVL,RMHR
CEPVL,SABVR
CEPVL,SDQR
CEPVL,SIADL
CEPVL,SIADR
CEPVL,SIAVL
CEPVL,SIAVR
CEPVL,SIBDR
CEPVL,SIBVL
CEPVL,SIBVR
CEPVL,URYDL
CEPVL,URYDR
CEPVL,URYVL
CEPVL,URYVR
CEPVL,VA1
CEPVL,VA11
CEPVL,VA12
CEPVL,VA6
CEPVL,VA8
CEPVL,VB1
CEPVL,VB11
CEPVL,VB2
CEPVL,VB6
CEPVL,VB8
CEPVL,VD1
CEPVL,VD10
CEPVL,VD11
CEPVL,VD12
CEPVL,VD13
CEPVL,VD2
CEPVL,VD3
CEPVL,VD4
CEPVL,VD5
CEPVL,VD7
CEPVL,VD8
CEPVL,VD9
CEPVR,CEPVR
CEPVR,DA1
CEPVR,DA2
CEPVR,DA4
CEPVR,DA5
CEPVR,DA6
CEPVR,DA8
CEPVR,DA9
CEPVR,DB1
CEPVR,DB3
CEPVR,DB5
CEPVR,DB7
CEPVR,DD1
CEPVR,DD2
CEPVR,DD3
CEPVR,DD4
CEPVR,DD5
CEPVR,DD6
CEPVR,DVA
CEPVR,FLPL
CEPVR,FLPR
CEPVR,HSNL
CEPVR,HSNR
CEPVR,I2L
CEPVR,I2R
CEPVR,I4
CEPVR,I6
CEPVR,IL1DL
CEPVR,IL1DR
CEPVR,IL1R
CEPVR,IL2R
CEPVR,IL2VL
CEPVR,LUAL
CEPVR,M1
CEPVR,M2R
CEPVR,M3L
CEPVR,M3R
CEPVR,M4
CEPVR,M5
CEPVR,MCL
CEPVR,NSML
CEPVR,NSMR
CEPVR,OLLL
CEPVR,OLQDR
CEPVR,PDA
CEPVR,PDEL
CEPVR,PDER
CEPVR,PHAL
CEPVR,PHCL
CEPVR,PHCR
CEPVR,PLMR
CEPVR,PLNR
CEPVR,PQR
CEPVR,PVDL
CEPVR,PVDR
CEPVR,PVQR
CEPVR,RIAL
CEPVR,RIAR
CEPVR,RIBL
CEPVR,RIBR
CEPVR,RICL
CEPVR,RICR
CEPVR,RID
CEPVR,RIML
CEPVR,RIMR
CEPVR,RIS
CEPVR,RMDL
CEPVR,RMDR
CEPVR,RMDVR
CEPVR,RMED
CEPVR,RMER
CEPVR,RMFL
CEPVR,RMHR
CEPVR,SIADL
CEPVR,SIADR
CEPVR,SIAVL
CEPVR,SIBDL
CEPVR,SIBDR
CEPVR,SIBVR
CEPVR,SMDVR
CEPVR,URYDL
CEPVR,URYDR
CEPVR,URYVL
CEPVR,URYVR
CEPVR,VA1
CEPVR,VA10
CEPVR,VA2
CEPVR,VA3
CEPVR,VA4
CEPVR,VA7
CEPVR,VB1
CEPVR,VB10
CEPVR,VB2
CEPVR,VB3
CEPVR,VB4
CEPVR,VB5
CEPVR,VB7
CEPVR,VB8
CEPVR,VB9
CEPVR,VD1
CEPVR,VD10
CEPVR,VD12
CEPVR,VD13
CEPVR,VD3
CEPVR,VD4
CEPVR,VD5
CEPVR,VD6
CEPVR,VD7
CEPVR,VD8
CEPVR,VD9
DA1,PDEL
DA1,PDER
DA1,RIMR
DA1,VD2
DA2,PDER
DA2,RIMR
DA3,NSML
DA3,PDEL
DA3,RICL
DA3,RIMR
DA4,PDEL
DA4,PDER
DA4,RICL
DA4,RIMR
DA5,HSNR
DA5,PDER
DA5,RIML
DA5,RIMR
DA6,NSMR
DA6,PDEL
DA6,PDER
DA7,NSML
DA7,NSMR
DA7,PDER
DA7,RIML
DA8,HSNR
DA8,NSMR
DA8,PDER
DA9,HSNL
DA9,PDEL
DA9,RIML
DA9,URYVR
DB1,NSML
DB1,PDEL
DB1,PDER
DB1,RIML
DB1,RIMR
DB2,HSNR
DB2,I2L
DB2,NSML
DB2,RIMR
DB3,NSML
DB3,PDEL
DB3,PDER
DB3,RIML
DB4,NSML
DB4,PDER
DB4,RIAR
DB4,RIMR
DB5,PDEL
DB5,PDER
DB6,HSNL
DB6,NSMR
DB6,PDER
DB7,HSNL
DB7,HSNR
DB7,NSMR
DB7,PDEL
DB7,PDER
DB7,RICR
DD1,NSML
DD1,NSMR
DD1,PDEL
DD1,PDER
DD1,RICR
DD1,RIML
DD1,RIMR
DD2,HSNR
DD2,NSML
DD2,NSMR
DD2,PDEL
DD2,PDER
DD2,RICL
DD2,RIML
DD2,RIMR
DD3,HSNL
DD3,HSNR
DD3,NSMR
DD3,PDEL
DD3,PDER
DD3,RIML
DD3,RIMR
DD4,HSNL
DD4,NSML
DD4,NSMR
DD4,PDEL
DD4,RIML
DD4,RIMR
DD5,HSNR
DD5,M2L
DD5,NSML
DD5,NSMR
DD5,PDEL
DD5,PDER
DD5,RIMR
DD6,HSNL
DD6,HSNR
DD6,NSMR
DD6,PDEL
DD6,PDER
DD6,RIML
DD6,RIMR
DVA,NSML
DVA,NSMR
DVA,PDEL
DVA,RIML
DVC,PDEL
DVC,PDER
FLPL,HSNL
FLPL,PDEL
FLPL,PDER
FLPL,RIMR
FLPR,HSNR
FLPR,PDEL
FLPR,PDER
FLPR,RIML
HSNL,HSNR
HSNL,I2L
HSNL,I2R
HSNL,IL2DR
HSNL,LUAL
HSNL,M2L
HSNL,M2R
HSNL,M4
HSNL,M5
HSNL,NSML
HSNL,NSMR
HSNL,PDA
HSNL,PDEL
HSNL,PDER
HSNL,PHCL
HSNL,PLMR
HSNL,PVQL
HSNL,PVQR
HSNL,RIAL
HSNL,RIAR
HSNL,RIBL
HSNL,RIBR
HSNL,RICL
HSNL,RICR
HSNL,RID
HSNL,RIML
HSNL,RIMR
HSNL,RIS
HSNL,RMDDR
HSNL,RMDVL
HSNL,RMED
HSNL,RMEV
HSNL,RMFL
HSNL,RMFR
HSNL,SIADR
HSNL,SIBDR
HSNL,SIBVL
HSNL,URYDL
HSNL,VA11
HSNL,VA2
HSNL,VA4
HSNL,VA5
HSNL,VA7
HSNL,VA8
HSNL,VB1
HSNL,VB10
HSNL,VB9
HSNL,VD1
HSNL,VD10
HSNL,VD11
HSNL,VD12
HSNL,VD2
HSNL,VD4
HSNL,VD5
HSNL,VD6
HSNL,VD7
HSNL,VD8
HSNR,I2L
HSNR,I2R
HSNR,IL2DR
HSNR,IL2L
HSNR,IL2R
HSNR,IL2VR
HSNR,M3L
HSNR,MCL
HSNR,NSML
HSNR,NSMR
HSNR,PDEL
HSNR,PDER
HSNR,PLML
HSNR,PLNR
HSNR,PVQL
HSNR,PVQR
HSNR,PVT
HSNR,RIAL
HSNR,RIBL
HSNR,RICL
HSNR,RICR
HSNR,RID
HSNR,RIML
HSNR,RIMR
HSNR,RMDDL
HSNR,RMDR
HSNR,RMDVL
HSNR,RMED
HSNR,RMFL
HSNR,SABD
HSNR,SIADL
HSNR,SIADR
HSNR,SIAVR
HSNR,URYDR
HSNR,URYVL
HSNR,URYVR
HSNR,VA11
HSNR,VA12
HSNR,VA2
HSNR,VA4
HSNR,VA5
HSNR,VA6
HSNR,VA8
HSNR,VB1
HSNR,VB7
HSNR,VD1
HSNR,VD10
HSNR,VD11
HSNR,VD12
HSNR,VD13
HSNR,VD2
HSNR,VD3
HSNR,VD4
HSNR,VD5
HSNR,VD6
HSNR,VD7
HSNR,VD8
HSNR,VD9
I1L,RICL
I1L,RIMR
I1L,VD6
I1R,PDEL
I1R,PDER
I1R,RIML
I1R,RIMR
I2L,NSML
I2L,PDER
I2L,RIML
I2L,RIMR
I2R,NSML
I2R,NSMR
I2R,PDEL
I2R,PDER
I2R,RIAL
I2R,RIML
I2R,RIMR
I3,PDEL
I4,NSML
I4,PDEL
I6,PDEL
I6,PDER
I6,RIMR
IL1L,NSMR
IL1L,RIML
IL1R,PDER
IL1VL,PDER
IL1VR,PDEL
IL2DL,PDEL
IL2DL,PDER
IL2DR,NSMR
IL2DR,PDEL
IL2DR,RIML
IL2L,PDEL
IL2L,PDER
IL2L,RIML
IL2L,RIMR
IL2R,NSML
IL2R,PDEL
IL2R,PDER
IL2R,RICL
IL2VL,NSMR
IL2VL,PDEL
IL2VL,PDER
IL2VR,NSMR
IL2VR,PDEL
IL2VR,PDER
IL2VR,RICR
M1,NSML
M1,PDER
M2L,PDEL
M2R,PDEL
M3L,NSMR
M3L,PDEL
M3L,PDER
M3R,NSMR
M3R,PDEL
M3R,RIMR
M4,NSMR
M4,RIMR
M5,PDER
MCL,PDEL
MCL,PDER
MCL,RIML
MCR,PDEL
MCR,PDER
MCR,RIMR
NSML,NSML
NSML,NSMR
NSML,OLQVR
NSML,PDEL
NSML,PDER
NSML,PLNL
NSML,PLNR
NSML,PQR
NSML,PVDR
NSML,PVQR
NSML,RIAL
NSML,RIAR
NSML,RIBL
NSML,RIBR
NSML,RICL
NSML,RICR
NSML,RID
NSML,RIML
NSML,RIMR
NSML,RIS
NSML,RMED
NSML,RMEL
NSML,RMHR
NSML,SIADL
NSML,SIAVR
NSML,SIBDR
NSML,SIBVL
NSML,SIBVR
NSML,URYDL
NSML,URYDR
NSML,URYVL
NSML,VA12
NSML,VA2
NSML,VA5
NSML,VA6
NSML,VA9
NSML,VB1
NSML,VB10
NSML,VB3
NSML,VB4
NSML,VD11
NSML,VD12
NSML,VD13
NSML,VD2
NSML,VD4
NSML,VD5
NSML,VD6
NSML,VD7
NSML,VD8
NSML,VD9
NSMR,NSMR
NSMR,PDEL
NSMR,PDER
NSMR,PHBL
NSMR,PHBR
NSMR,PLML
NSMR,PLNL
NSMR,PQR
NSMR,PVQL
NSMR,PVQR
NSMR,PVT
NSMR,RIAL
NSMR,RIBR
NSMR,RICL
NSMR,RICR
NSMR,RID
NSMR,RIML
NSMR,RIMR
NSMR,RIS
NSMR,RMDVR
NSMR,RMER
NSMR,RMEV
NSMR,SIADL
NSMR,SIADR
NSMR,SIAVL
NSMR,SIBVL
NSMR,URYDL
NSMR,URYDR
NSMR,URYVL
NSMR,VA1
NSMR,VA10
NSMR,VA11
NSMR,VA2
NSMR,VB11
NSMR,VB2
NSMR,VB4
NSMR,VB6
NSMR,VB9
NSMR,VD1
NSMR,VD10
NSMR,VD11
NSMR,VD13
NSMR,VD3
NSMR,VD4
NSMR,VD5
NSMR,VD6
NSMR,VD7
NSMR,VD8
NSMR,VD9
OLLR,PDER
PDA,PDEL
PDA,PDER
PDA,RIML
PDEL,PDEL
PDEL,PDER
PDEL,PHCL
PDEL,PLML
PDEL,PLNL
PDEL,PLNR
PDEL,PQR
PDEL,PVDL
PDEL,PVDR
PDEL,PVQL
PDEL,PVQR
PDEL,RIAR
PDEL,RIBL
PDEL,RICL
PDEL,RICR
PDEL,RID
PDEL,RIML
PDEL,RIMR
PDEL,RIS
PDEL,RMDDR
PDEL,RMDL
PDEL,RMDVL
PDEL,RMER
PDEL,RMFR
PDEL,RMHL
PDEL,SDQR
PDEL,SIADR
PDEL,SIAVL
PDEL,SIAVR
PDEL,SIBDL
PDEL,SIBDR
PDEL,SIBVR
PDEL,SMDDR
PDEL,URYDL
PDEL,URYDR
PDEL,URYVL
PDEL,URYVR
PDEL,VA10
PDEL,VA12
PDEL,VA2
PDEL,VA3
PDEL,VA4
PDEL,VA5
PDEL,VA8
PDEL,VA9
PDEL,VB1
PDEL,VB11
PDEL,VB2
PDEL,VB4
PDEL,VB5
PDEL,VB6
PDEL,VB7
PDEL,VD1
PDEL,VD10
PDEL,VD11
PDEL,VD12
PDEL,VD13
PDEL,VD2
PDEL,VD3
PDEL,VD4
PDEL,VD5
PDEL,VD6
PDEL,VD7
PDEL,VD8
PDEL,VD9
PDER,PDER
PDER,PHCL
PDER,PHCR
PDER,PLML
PDER,PLMR
PDER,PLNR
PDER,PQR
PDER,PVDL
PDER,PVDR
PDER,PVQL
PDER,PVT
PDER,RIAL
PDER,RIAR
PDER,RIBL
PDER,RIBR
PDER,RICL
PDER,RICR
PDER,RIML
PDER,RIMR
PDER,RIS
PDER,RMDDL
PDER,RMDDR
PDER,RMDL
PDER,RMDR
PDER,RMDVR
PDER,RMEL
PDER,RMEV
PDER,RMFL
PDER,RMHL
PDER,SABD
PDER,SIADL
PDER,SIADR
PDER,SIAVL
PDER,SIBDL
PDER,URYDL
PDER,URYDR
PDER,URYVR
PDER,VA1
PDER,VA12
PDER,VA3
PDER,VA6
PDER,VA8
PDER,VA9
PDER,VB11
PDER,VB2
PDER,VB3
PDER,VB5
PDER,VB6
PDER,VB8
PDER,VB9
PDER,VD1
PDER,VD10
PDER,VD11
PDER,VD12
PDER,VD13
PDER,VD2
PDER,VD3
PDER,VD4
PDER,VD6
PDER,VD7
PDER,VD8
PDER,VD9
PHAR,RIMR
PHCL,RIMR
PHCR,RIML
PLML,RIMR
PLMR,RID
PLNL,RIML
PLNR,RIMR
PVCR,RIML
PVDL,RIML
PVDL,RIMR
PVDL,SIAVL
PVDR,RIML
PVQL,RIML
PVQL,RIMR
PVQL,VA2
PVQR,RICL
PVQR,RICR
PVQR,RIML
PVQR,RIMR
PVT,RICL
PVT,RICR
RIAL,RICL
RIAL,RIMR
RIAR,RICL
RIAR,RICR
RIAR,RIML
RIAR,RIMR
RIBL,RIML
RIBL,RIMR
RIBL,VD3
RIBR,RIMR
RIBR,SIBDL
RICL,RICR
RICL,RIML
RICL,RIMR
RICL,URYVR
RICL,VA10
RICL,VA7
RICL,VA9
RICL,VD10
RICL,VD11
RICL,VD12
RICL,VD13
RICL,VD2
RICL,VD8
RICL,VD9
RICR,RICR
RICR,RIML
RICR,RIMR
RICR,RIS
RICR,SDQL
RICR,VA3
RICR,VD1
RICR,VD11
RICR,VD2
RICR,VD3
RICR,VD5
RID,RIML
RID,RIMR
RIML,RIMR
RIML,RIS
RIML,RMDDL
RIML,RMDDR
RIML,RMDVL
RIML,RMDVR
RIML,RMER
RIML,RMHL
RIML,SIADL
RIML,SIADR
RIML,SIAVL
RIML,SIAVR
RIML,SIBDL
RIML,SIBVL
RIML,SIBVR
RIML,URYDR
RIML,URYVL
RIML,URYVR
RIML,VA1
RIML,VA10
RIML,VA11
RIML,VA12
RIML,VA3
RIML,VA6
RIML,VA7
RIML,VB10
RIML,VB11
RIML,VB4
RIML,VB5
RIML,VB8
RIML,VB9
RIML,VD1
RIML,VD10
RIML,VD11
RIML,VD12
RIML,VD13
RIML,VD2
RIML,VD3
RIML,VD4
RIML,VD5
RIML,VD6
RIML,VD8
RIML,VD9
RIMR,RIS
RIMR,RMDR
RIMR,RMDVL
RIMR,RMHR
RIMR,SABVL
RIMR,SIADL
RIMR,SIAVL
RIMR,SIAVR
RIMR,SMDDL
RIMR,URYDL
RIMR,URYVL
RIMR,URYVR
RIMR,VA1
RIMR,VA12
RIMR,VA5
RIMR,VA9
RIMR,VB11
RIMR,VB2
RIMR,VB3
RIMR,VB4
RIMR,VB5
RIMR,VB6
RIMR,VB7
RIMR,VB8
RIMR,VD1
RIMR,VD11
RIMR,VD13
RIMR,VD2
RIMR,VD3
RIMR,VD4
RIMR,VD5
RIMR,VD6
RIMR,VD7
RIMR,VD8
RIMR,VD9
RMEL,VD5
SIADL,VA5
SIAVR,VD12
VA7,VD7
VD10,VD3
