ADAL,ADAR,1
ADAL,ADFL,1
ADAL,AIBL,1
ADAL,AIBR,1
ADAL,ASHL,1
ADAL,AVAR,1
ADAL,AVBL,1
ADAL,AVBR,1
ADAL,AVDL,1
ADAL,AVDR,1
ADAL,AVEL,1
ADAL,AVJR,1
ADAL,FLPR,1
ADAL,PVQL,1
ADAL,RICL,1
ADAL,RICR,1
ADAL,RIML,1
ADAL,RIPL,1
ADAL,SMDVR,1
ADAR,ADAL,1
ADAR,ADFR,1
ADAR,AIBL,1
ADAR,AIBR,1
ADAR,ASHR,1
ADAR,AVAL,1
ADAR,AVBL,1
ADAR,AVBR,1
ADAR,AVDL,1
ADAR,AVEL,1
ADAR,AVJL,1
ADAR,PVQR,1
ADAR,RICL,1
ADAR,RIMR,1
ADAR,RIPR,1
ADAR,RIVR,1
ADAR,SMDVL,1
ADEL,ADAL,1
ADEL,ADER,1
ADEL,ADLR,1
ADEL,AFDR,1
ADEL,AIAR,1
ADEL,AIBL,1
ADEL,AINL,1
ADEL,AIZL,1
ADEL,ALML,1
ADEL,ALMR,1
ADEL,ALNL,1
ADEL,ALNR,1
ADEL,AS1,1
ADEL,AS10,1
ADEL,AS11,1
ADEL,AS2,1
ADEL,AS4,1
ADEL,AS6,1
ADEL,AS7,1
ADEL,AS8,1
ADEL,AS9,1
ADEL,ASEL,1
ADEL,ASER,1
ADEL,ASGL,1
ADEL,ASGR,1
ADEL,ASHL,1
ADEL,ASHR,1
ADEL,ASIR,1
ADEL,ASKL,1
ADEL,ASKR,1
ADEL,AUAR,1
ADEL,AVAL,1
ADEL,AVAR,1
ADEL,AVEL,1
ADEL,AVHR,1
ADEL,AVKR,1
ADEL,AVL,1
ADEL,AVM,1
ADEL,AWBL,1
ADEL,AWBR,1
ADEL,AWCL,1
ADEL,BAGR,1
ADEL,BDUL,1
ADEL,CANL,1
ADEL,CANR,1
ADEL,CEPDL,1
ADEL,CEPDR,1
ADEL,CEPVR,1
ADEL,DA1,1
ADEL,DA3,1
ADEL,DA4,1
ADEL,DA5,1
ADEL,DA8,1
ADEL,DA9,1
ADEL,DB3,1
ADEL,DB4,1
ADEL,DB5,1
ADEL,DB6,1
ADEL,DB7,1
ADEL,DD3,1
ADEL,DD4,1
ADEL,DVA,1
ADEL,FLPL,1
ADEL,FLPR,1
ADEL,HSNL,1
ADEL,HSNR,1
ADEL,I1L,1
ADEL,I2L,1
ADEL,I2R,1
ADEL,I3,1
ADEL,I4,1
ADEL,I6,1
ADEL,IL1DL,1
ADEL,IL1L,1
ADEL,IL2DL,1
ADEL,IL2L,1
ADEL,IL2VL,1
ADEL,IL2VR,1
ADEL,M2L,1
ADEL,M2R,1
ADEL,M3R,1
ADEL,M5,1
ADEL,MCR,1
ADEL,NSML,1
ADEL,NSMR,1
ADEL,OLLL,1
ADEL,PDA,1
ADEL,PDEL,1
ADEL,PDER,1
ADEL,PHBR,1
ADEL,PHCL,1
ADEL,PHCR,1
ADEL,PLML,1
ADEL,PLMR,1
ADEL,PQR,1
ADEL,PVCL,1
ADEL,PVDL,1
ADEL,PVDR,1
ADEL,PVQR,1
ADEL,PVT,1
ADEL,RIAL,1
ADEL,RIAR,1
ADEL,RIBL,1
ADEL,RIBR,1
ADEL,RICL,1
ADEL,RICR,1
ADEL,RID,1
ADEL,RIFL,1
ADEL,RIGL,1
ADEL,RIGR,1
ADEL,RIH,1
ADEL,RIML,1
ADEL,RIS,1
ADEL,RIVL,1
ADEL,RIVR,1
ADEL,RMDDL,1
ADEL,RMDL,1
ADEL,RMDR,1
ADEL,RMDVL,1
ADEL,RMDVR,1
ADEL,RMED,1
ADEL,RMEL,1
ADEL,RMFR,1
ADEL,RMGL,1
ADEL,RMHL,1
ADEL,RMHR,1
ADEL,SABD,1
ADEL,SABVL,1
ADEL,SABVR,1
ADEL,SDQL,1
ADEL,SIADR,1
ADEL,SIBDL,1
ADEL,SIBDR,1
ADEL,SIBVL,1
ADEL,SIBVR,1
ADEL,SMBDR,1
ADEL,SMDDR,1
ADEL,URBL,1
ADEL,URYDL,1
ADEL,URYDR,1
ADEL,URYVL,1
ADEL,VA1,1
ADEL,VA10,1
ADEL,VA11,1
ADEL,VA2,1
ADEL,VA4,1
ADEL,VA5,1
ADEL,VA6,1
ADEL,VA7,1
ADEL,VA8,1
ADEL,VA9,1
ADEL,VB1,1
ADEL,VB11,1
ADEL,VB2,1
ADEL,VB5,1
ADEL,VB6,1
ADEL,VB7,1
ADEL,VB9,1
ADEL,VD1,1
ADEL,VD10,1
ADEL,VD12,1
ADEL,VD13,1
ADEL,VD2,1
ADEL,VD4,1
ADEL,VD5,1
ADEL,VD6,1
ADEL,VD7,1
ADEL,VD8,1
ADER,ADAR,1
ADER,ADEL,1
ADER,ADLL,1
ADER,ADLR,1
ADER,AIAL,1
ADER,AIBL,1
ADER,AIBR,1
ADER,AIYL,1
ADER,AIYR,1
ADER,AIZR,1
ADER,ALA,1
ADER,ALML,1
ADER,ALMR,1
ADER,ALNL,1
ADER,ALNR,1
ADER,AS1,1
ADER,AS10,1
ADER,AS2,1
ADER,AS3,1
ADER,AS4,1
ADER,AS5,1
ADER,AS8,1
ADER,ASEL,1
ADER,ASER,1
ADER,ASGL,1
ADER,ASGR,1
ADER,ASHL,1
ADER,ASHR,1
ADER,ASIR,1
ADER,ASKR,1
ADER,AUAL,1
ADER,AUAR,1
ADER,AVAL,1
ADER,AVAR,1
ADER,AVBL,1
ADER,AVDR,1
ADER,AVER,1
ADER,AVFR,1
ADER,AVHR,1
ADER,AVJR,1
ADER,AVKL,1
ADER,AVKR,1
ADER,AVL,1
ADER,AVM,1
ADER,AWBL,1
ADER,AWBR,1
ADER,AWCL,1
ADER,AWCR,1
ADER,CANL,1
ADER,CANR,1
ADER,CEPDR,1
ADER,CEPVL,1
ADER,CEPVR,1
ADER,DA2,1
ADER,DA5,1
ADER,DA7,1
ADER,DA9,1
ADER,DB5,1
ADER,DD3,1
ADER,DD4,1
ADER,DD5,1
ADER,DD6,1
ADER,DVA,1
ADER,FLPL,1
ADER,FLPR,1
ADER,I1R,1
ADER,I2L,1
ADER,I2R,1
ADER,I6,1
ADER,IL1DL,1
ADER,IL2DL,1
ADER,IL2DR,1
ADER,IL2L,1
ADER,IL2VL,1
ADER,IL2VR,1
ADER,LUAR,1
ADER,M2L,1
ADER,M3L,1
ADER,M4,1
ADER,M5,1
ADER,MCR,1
ADER,NSML,1
ADER,NSMR,1
ADER,OLLR,1
ADER,OLQDL,1
ADER,OLQVR,1
ADER,PDA,1
ADER,PDEL,1
ADER,PDER,1
ADER,PHAL,1
ADER,PHBL,1
ADER,PHCL,1
ADER,PHCR,1
ADER,PLML,1
ADER,PLNL,1
ADER,PQR,1
ADER,PVDL,1
ADER,PVQL,1
ADER,PVQR,1
ADER,PVR,1
ADER,PVT,1
ADER,RIAL,1
ADER,RIAR,1
ADER,RIBL,1
ADER,RIBR,1
ADER,RICL,1
ADER,RID,1
ADER,RIGL,1
ADER,RIGR,1
ADER,RIH,1
ADER,RIML,1
ADER,RIMR,1
ADER,RIS,1
ADER,RMDDL,1
ADER,RMDDR,1
ADER,RMDL,1
ADER,RMDR,1
ADER,RMDVL,1
ADER,RMED,1
ADER,RMEL,1
ADER,RMER,1
ADER,RMEV,1
ADER,RMHL,1
ADER,RMHR,1
ADER,SAAVR,1
ADER,SABVL,1
ADER,SABVR,1
ADER,SDQR,1
ADER,SIADL,1
ADER,SIADR,1
ADER,SIAVL,1
ADER,SIBDL,1
ADER,SIBDR,1
ADER,SIBVL,1
ADER,URYDL,1
ADER,URYDR,1
ADER,URYVL,1
ADER,URYVR,1
ADER,VA1,1
ADER,VA10,1
ADER,VA11,1
ADER,VA2,1
ADER,VA3,1
ADER,VA4,1
ADER,VA5,1
ADER,VA6,1
ADER,VA7,1
ADER,VA8,1
ADER,VA9,1
ADER,VB10,1
ADER,VB11,1
ADER,VB6,1
ADER,VB8,1
ADER,VB9,1
ADER,VD11,1
ADER,VD12,1
ADER,VD13,1
ADER,VD4,1
ADER,VD6,1
ADER,VD7,1
ADER,VD8,1
ADER,VD9,1
ADFL,ADAL,1
ADFL,ADEL,1
ADFL,ADER,1
ADFL,ADLR,1
ADFL,AIBL,1
ADFL,AIML,1
ADFL,AIZL,1
ADFL,ALML,1
ADFL,ALNR,1
ADFL,AS1,1
ADFL,AS11,1
ADFL,AS2,1
ADFL,AS6,1
ADFL,ASEL,1
ADFL,ASIR,1
ADFL,AUAL,1
ADFL,AVFL,1
ADFL,AVHR,1
ADFL,AVJR,1
ADFL,AVL,1
ADFL,AWBL,1
ADFL,BDUR,1
ADFL,CEPDL,1
ADFL,CEPDR,1
ADFL,CEPVL,1
ADFL,DA3,1
ADFL,DA7,1
ADFL,DB1,1
ADFL,DB2,1
ADFL,DB6,1
ADFL,DB7,1
ADFL,DVC,1
ADFL,FLPL,1
ADFL,HSNL,1
ADFL,I1R,1
ADFL,I2L,1
ADFL,I2R,1
ADFL,I6,1
ADFL,IL1VR,1
ADFL,IL2DL,1
ADFL,IL2L,1
ADFL,IL2R,1
ADFL,IL2VL,1
ADFL,M2R,1
ADFL,NSMR,1
ADFL,OLQVL,1
ADFL,PDA,1
ADFL,PDEL,1
ADFL,PHBL,1
ADFL,PHCR,1
ADFL,PLNL,1
ADFL,PVCL,1
ADFL,PVDL,1
ADFL,PVDR,1
ADFL,PVQL,1
ADFL,PVQR,1
ADFL,PVT,1
ADFL,RIAL,1
ADFL,RIBL,1
ADFL,RICR,1
ADFL,RIGL,1
ADFL,RIML,1
ADFL,RIR,1
ADFL,RMDDL,1
ADFL,RMDDR,1
ADFL,RMED,1
ADFL,RMEL,1
ADFL,RMER,1
ADFL,RMEV,1
ADFL,SIAVL,1
ADFL,SMBVL,1
ADFL,SMDDL,1
ADFL,SMDDR,1
ADFL,SMDVR,1
ADFL,URYDL,1
ADFL,VA1,1
ADFL,VA3,1
ADFL,VA6,1
ADFL,VA7,1
ADFL,VA9,1
ADFL,VB1,1
ADFL,VB11,1
ADFL,VB3,1
ADFL,VB4,1
ADFL,VB8,1
ADFL,VD13,1
ADFL,VD2,1
ADFL,VD6,1
ADFL,VD9,1
ADFR,ADAR,1
ADFR,ADEL,1
ADFR,ADER,1
ADFR,AIAR,1
ADFR,AIML,1
ADFR,AIYR,1
ADFR,AIZL,1
ADFR,AIZR,1
ADFR,ALML,1
ADFR,ALMR,1
ADFR,ALNL,1
ADFR,ALNR,1
ADFR,AS2,1
ADFR,AS5,1
ADFR,AS9,1
ADFR,ASEL,1
ADFR,ASGR,1
ADFR,ASHL,1
ADFR,ASHR,1
ADFR,ASKL,1
ADFR,ASKR,1
ADFR,AUAR,1
ADFR,AVFL,1
ADFR,AVJL,1
ADFR,AVJR,1
ADFR,AVL,1
ADFR,AVM,1
ADFR,AWBL,1
ADFR,AWBR,1
ADFR,CANL,1
ADFR,CEPDL,1
ADFR,CEPDR,1
ADFR,DA5,1
ADFR,DB1,1
ADFR,DB4,1
ADFR,DB5,1
ADFR,DB7,1
ADFR,DD1,1
ADFR,DD2,1
ADFR,DD4,1
ADFR,FLPR,1
ADFR,HSNL,1
ADFR,HSNR,1
ADFR,I1L,1
ADFR,I1R,1
ADFR,I2L,1
ADFR,I4,1
ADFR,IL1DL,1
ADFR,IL2DL,1
ADFR,IL2VL,1
ADFR,M4,1
ADFR,MCR,1
ADFR,NSMR,1
ADFR,OLLL,1
ADFR,PDER,1
ADFR,PVDR,1
ADFR,PVPR,1
ADFR,RIAR,1
ADFR,RIBL,1
ADFR,RICL,1
ADFR,RIGR,1
ADFR,RIMR,1
ADFR,RIR,1
ADFR,RMDDL,1
ADFR,RMDR,1
ADFR,RMED,1
ADFR,RMEL,1
ADFR,RMFL,1
ADFR,RMHL,1
ADFR,SDQL,1
ADFR,SIADL,1
ADFR,SIAVR,1
ADFR,SIBDL,1
ADFR,SIBVL,1
ADFR,SIBVR,1
ADFR,SMBDR,1
ADFR,SMBVR,1
ADFR,SMDDL,1
ADFR,URXR,1
ADFR,URYDL,1
ADFR,URYVL,1
ADFR,VA1,1
ADFR,VA11,1
ADFR,VA2,1
ADFR,VA8,1
ADFR,VB10,1
ADFR,VB11,1
ADFR,VB2,1
ADFR,VB8,1
ADFR,VB9,1
ADFR,VD12,1
ADFR,VD13,1
ADFR,VD5,1
ADLL,ADLR,1
ADLL,AIAL,1
ADLL,AIBL,1
ADLL,AIBR,1
ADLL,ALA,1
ADLL,ASER,1
ADLL,ASHL,1
ADLL,AVAL,1
ADLL,AVAR,1
ADLL,AVBL,1
ADLL,AVDL,1
ADLL,AVDR,1
ADLL,AVJL,1
ADLL,AVJR,1
ADLL,AWBL,1
ADLL,OLQVL,1
ADLL,RIPL,1
ADLL,RMGL,1
ADLR,ADLL,1
ADLR,AIAR,1
ADLR,AIBR,1
ADLR,ASER,1
ADLR,ASHR,1
ADLR,AVAR,1
ADLR,AVBL,1
ADLR,AVBR,1
ADLR,AVDL,1
ADLR,AVDR,1
ADLR,AVJR,1
ADLR,AWCR,1
ADLR,OLLR,1
ADLR,PVCL,1
ADLR,RICL,1
ADLR,RICR,1
AFDL,AFDR,1
AFDL,AIBL,1
AFDL,AINR,1
AFDL,AIYL,1
AFDR,AFDL,1
AFDR,AIBR,1
AFDR,AIYR,1
AFDR,ASER,1
AIAL,ADAL,1
AIAL,AIAR,1
AIAL,AIBL,1
AIAL,AIML,1
AIAL,AIZL,1
AIAL,ASER,1
AIAL,ASGL,1
AIAL,ASHL,1
AIAL,ASIL,1
AIAL,ASKL,1
AIAL,AWAL,1
AIAL,AWCR,1
AIAL,HSNL,1
AIAL,RIFL,1
AIAL,RMGL,1
AIAR,ADAR,1
AIAR,ADFR,1
AIAR,ADLR,1
AIAR,AIAL,1
AIAR,AIBR,1
AIAR,AIZR,1
AIAR,ASER,1
AIAR,ASGR,1
AIAR,ASIR,1
AIAR,AWAR,1
AIAR,AWCL,1
AIAR,AWCR,1
AIAR,RIFR,1
AIBL,AFDL,1
AIBL,AIYL,1
AIBL,ASER,1
AIBL,AVAL,1
AIBL,AVBL,1
AIBL,DVC,1
AIBL,FLPL,1
AIBL,PVT,1
AIBL,RIBR,1
AIBL,RIFL,1
AIBL,RIGR,1
AIBL,RIML,1
AIBL,RIMR,1
AIBL,RIVL,1
AIBL,SAADL,1
AIBL,SAADR,1
AIBL,SMDDR,1
AIBR,AFDR,1
AIBR,AVAR,1
AIBR,AVBR,1
AIBR,AVEL,1
AIBR,DB1,1
AIBR,DVC,1
AIBR,PVT,1
AIBR,RIAL,1
AIBR,RIBL,1
AIBR,RIGL,1
AIBR,RIML,1
AIBR,RIMR,1
AIBR,RIS,1
AIBR,RIVR,1
AIBR,SAADL,1
AIBR,SMDDL,1
AIBR,SMDVL,1
AIBR,VB1,1
AIML,AIAL,1
AIML,ALML,1
AIML,ASGL,1
AIML,ASKL,1
AIML,AVBR,1
AIML,AVDL,1
AIML,AVDR,1
AIML,AVER,1
AIML,AVFL,1
AIML,AVFR,1
AIML,AVHL,1
AIML,AVHR,1
AIML,AVJL,1
AIML,PVQL,1
AIML,RIFL,1
AIML,SIBDR,1
AIML,SMBVL,1
AIMR,AIAR,1
AIMR,ASGR,1
AIMR,ASJR,1
AIMR,ASKR,1
AIMR,AVDR,1
AIMR,AVFL,1
AIMR,AVFR,1
AIMR,HSNL,1
AIMR,HSNR,1
AIMR,OLQDR,1
AIMR,PVNR,1
AIMR,RIFR,1
AIMR,RMGR,1
AINL,ADEL,1
AINL,AFDR,1
AINL,AINR,1
AINL,ASEL,1
AINL,ASGR,1
AINL,AUAR,1
AINL,BAGL,1
AINL,RIBL,1
AINL,RIBR,1
AINR,AFDL,1
AINR,AFDR,1
AINR,AIAL,1
AINR,AIBL,1
AINR,AINL,1
AINR,ASEL,1
AINR,ASER,1
AINR,ASGL,1
AINR,AUAL,1
AINR,AUAR,1
AINR,BAGR,1
AINR,RIBL,1
AINR,RID,1
AIYL,AIYR,1
AIYL,AIZL,1
AIYL,AWAL,1
AIYL,AWCL,1
AIYL,AWCR,1
AIYL,HSNR,1
AIYL,RIAL,1
AIYL,RIBL,1
AIYL,RIML,1
AIYR,ADFR,1
AIYR,AIYL,1
AIYR,AIZR,1
AIYR,AWAR,1
AIYR,HSNL,1
AIYR,RIAR,1
AIYR,RIBR,1
AIYR,RIMR,1
AIZL,AIAL,1
AIZL,AIBL,1
AIZL,AIBR,1
AIZL,AIZR,1
AIZL,ASEL,1
AIZL,ASGL,1
AIZL,ASHL,1
AIZL,AVER,1
AIZL,DVA,1
AIZL,RIAL,1
AIZL,RIGL,1
AIZL,RIML,1
AIZL,SMBDL,1
AIZL,SMBVL,1
AIZL,VB2,1
AIZR,AIAR,1
AIZR,AIBL,1
AIZR,AIBR,1
AIZR,AIZL,1
AIZR,ASGR,1
AIZR,ASHR,1
AIZR,AVEL,1
AIZR,AVER,1
AIZR,AWAR,1
AIZR,DVA,1
AIZR,RIAR,1
AIZR,RIMR,1
AIZR,SMBDR,1
AIZR,SMBVR,1
AIZR,SMDDR,1
ALA,ADEL,1
ALA,AVAL,1
ALA,AVEL,1
ALA,AVER,1
ALA,RID,1
ALA,RMDR,1
ALML,AVDR,1
ALML,AVEL,1
ALML,AVM,1
ALML,BDUL,1
ALML,CEPDL,1
ALML,CEPVL,1
ALML,PVCL,1
ALML,PVCR,1
ALML,PVR,1
ALML,RMDDR,1
ALML,RMGL,1
ALML,SDQL,1
ALMR,AVM,1
ALMR,BDUR,1
ALMR,CEPDR,1
ALMR,CEPVR,1
ALMR,PVCR,1
ALMR,RMDDL,1
ALMR,SIADL,1
ALNL,SAAVL,1
ALNL,SMBDR,1
ALNL,SMDVL,1
ALNR,ADER,1
ALNR,RMHR,1
ALNR,SAAVR,1
ALNR,SMBDL,1
ALNR,SMDDR,1
ALNR,SMDVL,1
AQR,AVAL,1
AQR,AVAR,1
AQR,AVBL,1
AQR,AVBR,1
AQR,AVDL,1
AQR,AVDR,1
AQR,AVJL,1
AQR,AVKL,1
AQR,AVKR,1
AQR,BAGL,1
AQR,BAGR,1
AQR,PVCR,1
AQR,PVPL,1
AQR,PVPR,1
AQR,RIAL,1
AQR,RIAR,1
AQR,RIGL,1
AQR,RIGR,1
AQR,URXL,1
AS1,AVAL,1
AS1,AVAR,1
AS1,DA1,1
AS1,VA3,1
AS1,VD1,1
AS1,VD2,1
AS10,AVAL,1
AS10,AVAR,1
AS11,PDA,1
AS11,PDB,1
AS11,VD13,1
AS2,DA2,1
AS2,DB1,1
AS2,DD1,1
AS2,VA4,1
AS2,VD2,1
AS3,AVAL,1
AS3,AVAR,1
AS3,DA2,1
AS3,DA3,1
AS3,DD1,1
AS3,VA5,1
AS3,VD2,1
AS3,VD3,1
AS4,AS5,1
AS4,DA3,1
AS4,VD4,1
AS5,AVAL,1
AS5,AVAR,1
AS5,DD2,1
AS5,VA7,1
AS5,VD5,1
AS6,AVAL,1
AS6,AVAR,1
AS6,AVBR,1
AS6,DA5,1
AS6,VA8,1
AS6,VD6,1
AS7,AVAL,1
AS7,AVAR,1
AS7,AVBL,1
AS7,AVBR,1
AS8,AVAL,1
AS8,AVAR,1
AS9,AVAL,1
AS9,AVAR,1
AS9,DVB,1
ASEL,ADFR,1
ASEL,AIAL,1
ASEL,AIBL,1
ASEL,AIBR,1
ASEL,AIYL,1
ASEL,AIYR,1
ASEL,AWCL,1
ASEL,AWCR,1
ASEL,RIAR,1
ASER,AFDL,1
ASER,AFDR,1
ASER,AIAL,1
ASER,AIAR,1
ASER,AIBL,1
ASER,AIBR,1
ASER,AIYL,1
ASER,AIYR,1
ASER,AWAR,1
ASER,AWCL,1
ASER,AWCR,1
ASGL,AIAL,1
ASGL,AIBL,1
ASGL,AINR,1
ASGL,AIZL,1
ASGL,ASKL,1
ASGR,AIAR,1
ASGR,AIBR,1
ASGR,AINL,1
ASGR,AIYR,1
ASGR,AIZR,1
ASHL,ADAL,1
ASHL,ADFL,1
ASHL,AIAL,1
ASHL,AIBL,1
ASHL,AIZL,1
ASHL,ASHR,1
ASHL,ASKL,1
ASHL,AVAL,1
ASHL,AVBL,1
ASHL,AVDL,1
ASHL,AVDR,1
ASHL,RIAL,1
ASHL,RICL,1
ASHL,RIML,1
ASHL,RIPL,1
ASHL,RMGL,1
ASHR,ADAR,1
ASHR,ADFR,1
ASHR,AIAR,1
ASHR,AIBR,1
ASHR,AIZR,1
ASHR,ASHL,1
ASHR,ASKR,1
ASHR,AVAR,1
ASHR,AVBR,1
ASHR,AVDL,1
ASHR,AVDR,1
ASHR,AVER,1
ASHR,HSNR,1
ASHR,PVPR,1
ASHR,RIAR,1
ASHR,RICR,1
ASHR,RMGR,1
ASIL,AIAL,1
ASIL,AIBL,1
ASIL,AIYL,1
ASIL,AIZL,1
ASIL,ASER,1
ASIL,ASIR,1
ASIL,ASKL,1
ASIL,AWCL,1
ASIL,AWCR,1
ASIL,RIBL,1
ASIR,AIAL,1
ASIR,AIAR,1
ASIR,AIBR,1
ASIR,ASEL,1
ASIR,ASHR,1
ASIR,ASIL,1
ASIR,AWCL,1
ASIR,AWCR,1
ASJL,ASJR,1
ASJL,ASKL,1
ASJL,HSNL,1
ASJL,HSNR,1
ASJL,PVQL,1
ASJR,ASJL,1
ASJR,ASKR,1
ASJR,HSNR,1
ASJR,PVQR,1
ASKL,AIAL,1
ASKL,AIBL,1
ASKL,AIML,1
ASKL,ASKR,1
ASKL,PVQL,1
ASKL,RMGL,1
ASKR,AIAR,1
ASKR,AIMR,1
ASKR,ASHR,1
ASKR,ASKL,1
ASKR,AWAR,1
ASKR,CEPVR,1
ASKR,PVQR,1
ASKR,RIFR,1
ASKR,RMGR,1
AUAL,AINR,1
AUAL,AUAR,1
AUAL,AVAL,1
AUAL,AVDR,1
AUAL,AVEL,1
AUAL,AWBL,1
AUAL,RIAL,1
AUAL,RIBL,1
AUAR,AINL,1
AUAR,AIYR,1
AUAR,AUAL,1
AUAR,AVAR,1
AUAR,AVER,1
AUAR,AWBR,1
AUAR,RIAR,1
AUAR,RIBR,1
AUAR,URXR,1
AVAL,AS1,1
AVAL,AS10,1
AVAL,AS11,1
AVAL,AS2,1
AVAL,AS3,1
AVAL,AS4,1
AVAL,AS5,1
AVAL,AS6,1
AVAL,AS7,1
AVAL,AS8,1
AVAL,AS9,1
AVAL,AVAR,1
AVAL,AVBR,1
AVAL,AVDL,1
AVAL,AVHL,1
AVAL,AVJL,1
AVAL,DA1,1
AVAL,DA2,1
AVAL,DA3,1
AVAL,DA4,1
AVAL,DA5,1
AVAL,DA6,1
AVAL,DA7,1
AVAL,DA8,1
AVAL,DA9,1
AVAL,DB5,1
AVAL,DB6,1
AVAL,FLPL,1
AVAL,LUAL,1
AVAL,PVCL,1
AVAL,PVCR,1
AVAL,PVPL,1
AVAL,RIMR,1
AVAL,SABD,1
AVAL,SABVR,1
AVAL,SDQR,1
AVAL,URYDL,1
AVAL,URYVR,1
AVAL,VA1,1
AVAL,VA10,1
AVAL,VA11,1
AVAL,VA12,1
AVAL,VA2,1
AVAL,VA3,1
AVAL,VA4,1
AVAL,VA5,1
AVAL,VA6,1
AVAL,VA7,1
AVAL,VA8,1
AVAL,VA9,1
AVAL,VB9,1
AVAR,ADER,1
AVAR,AS1,1
AVAR,AS10,1
AVAR,AS11,1
AVAR,AS2,1
AVAR,AS3,1
AVAR,AS4,1
AVAR,AS5,1
AVAR,AS6,1
AVAR,AS7,1
AVAR,AS8,1
AVAR,AS9,1
AVAR,AVAL,1
AVAR,AVBL,1
AVAR,AVDL,1
AVAR,AVDR,1
AVAR,AVEL,1
AVAR,AVER,1
AVAR,DA1,1
AVAR,DA2,1
AVAR,DA3,1
AVAR,DA4,1
AVAR,DA5,1
AVAR,DA6,1
AVAR,DA7,1
AVAR,DA8,1
AVAR,DA9,1
AVAR,DB3,1
AVAR,DB5,1
AVAR,DB6,1
AVAR,LUAL,1
AVAR,LUAR,1
AVAR,PDEL,1
AVAR,PDER,1
AVAR,PVCL,1
AVAR,PVCR,1
AVAR,RIGL,1
AVAR,RIML,1
AVAR,RIMR,1
AVAR,SABD,1
AVAR,SABVL,1
AVAR,SABVR,1
AVAR,URYDR,1
AVAR,URYVL,1
AVAR,VA10,1
AVAR,VA11,1
AVAR,VA12,1
AVAR,VA2,1
AVAR,VA3,1
AVAR,VA4,1
AVAR,VA5,1
AVAR,VA6,1
AVAR,VA7,1
AVAR,VA8,1
AVAR,VA9,1
AVAR,VB9,1
AVAR,VD13,1
AVBL,AQR,1
AVBL,AS10,1
AVBL,AS3,1
AVBL,AS4,1
AVBL,AS5,1
AVBL,AS6,1
AVBL,AS7,1
AVBL,AS9,1
AVBL,AVAL,1
AVBL,AVAR,1
AVBL,AVBR,1
AVBL,AVDL,1
AVBL,AVDR,1
AVBL,AVEL,1
AVBL,AVER,1
AVBL,AVL,1
AVBL,DB3,1
AVBL,DB4,1
AVBL,DB5,1
AVBL,DB6,1
AVBL,DB7,1
AVBL,DVA,1
AVBL,PVNR,1
AVBL,RIBL,1
AVBL,RIBR,1
AVBL,RID,1
AVBL,SDQR,1
AVBL,SIBVL,1
AVBL,VA10,1
AVBL,VA2,1
AVBL,VA7,1
AVBL,VB1,1
AVBL,VB10,1
AVBL,VB11,1
AVBL,VB2,1
AVBL,VB4,1
AVBL,VB5,1
AVBL,VB6,1
AVBL,VB7,1
AVBL,VB8,1
AVBL,VB9,1
AVBL,VC3,1
AVBR,AS1,1
AVBR,AS10,1
AVBR,AS3,1
AVBR,AS4,1
AVBR,AS5,1
AVBR,AS6,1
AVBR,AS7,1
AVBR,AVAL,1
AVBR,AVAR,1
AVBR,AVBL,1
AVBR,DA5,1
AVBR,DB1,1
AVBR,DB2,1
AVBR,DB3,1
AVBR,DB4,1
AVBR,DB5,1
AVBR,DB6,1
AVBR,DB7,1
AVBR,DD1,1
AVBR,DVA,1
AVBR,HSNR,1
AVBR,PVNL,1
AVBR,RIBL,1
AVBR,RIBR,1
AVBR,RID,1
AVBR,SIBVL,1
AVBR,VA4,1
AVBR,VA8,1
AVBR,VA9,1
AVBR,VB10,1
AVBR,VB11,1
AVBR,VB2,1
AVBR,VB3,1
AVBR,VB4,1
AVBR,VB6,1
AVBR,VB7,1
AVBR,VB8,1
AVBR,VB9,1
AVBR,VD10,1
AVBR,VD3,1
AVDL,ADAR,1
AVDL,AS1,1
AVDL,AS10,1
AVDL,AS11,1
AVDL,AS4,1
AVDL,AS5,1
AVDL,AVAL,1
AVDL,AVAR,1
AVDL,AVM,1
AVDL,DA1,1
AVDL,DA2,1
AVDL,DA3,1
AVDL,DA4,1
AVDL,DA5,1
AVDL,DA8,1
AVDL,FLPL,1
AVDL,FLPR,1
AVDL,LUAL,1
AVDL,PVCL,1
AVDL,SABD,1
AVDL,SABVL,1
AVDL,SABVR,1
AVDL,VA5,1
AVDR,ADAL,1
AVDR,ADLL,1
AVDR,AS10,1
AVDR,AS5,1
AVDR,AVAL,1
AVDR,AVAR,1
AVDR,AVBL,1
AVDR,AVDL,1
AVDR,AVJL,1
AVDR,DA1,1
AVDR,DA2,1
AVDR,DA3,1
AVDR,DA4,1
AVDR,DA5,1
AVDR,DA8,1
AVDR,DA9,1
AVDR,DB4,1
AVDR,DVC,1
AVDR,FLPR,1
AVDR,LUAL,1
AVDR,PQR,1
AVDR,SABD,1
AVDR,SABVL,1
AVDR,SABVR,1
AVDR,VA11,1
AVDR,VA2,1
AVDR,VA3,1
AVDR,VA6,1
AVEL,AS1,1
AVEL,AVAL,1
AVEL,AVAR,1
AVEL,AVER,1
AVEL,DA1,1
AVEL,DA2,1
AVEL,DA3,1
AVEL,DA4,1
AVEL,PVCR,1
AVEL,PVT,1
AVEL,RIML,1
AVEL,RIMR,1
AVEL,RMDVR,1
AVEL,RMEV,1
AVEL,SABD,1
AVEL,SABVL,1
AVEL,SABVR,1
AVEL,VA1,1
AVEL,VA3,1
AVEL,VD2,1
AVEL,VD3,1
AVER,AS1,1
AVER,AS2,1
AVER,AS3,1
AVER,AVAL,1
AVER,AVAR,1
AVER,AVDR,1
AVER,AVEL,1
AVER,DA1,1
AVER,DA2,1
AVER,DA3,1
AVER,DB3,1
AVER,RIML,1
AVER,RIMR,1
AVER,RMDVL,1
AVER,RMDVR,1
AVER,RMEV,1
AVER,SABD,1
AVER,SABVL,1
AVER,SABVR,1
AVER,VA1,1
AVER,VA2,1
AVER,VA3,1
AVER,VA4,1
AVER,VA5,1
AVFL,AVBL,1
AVFL,AVBR,1
AVFL,AVFR,1
AVFL,AVG,1
AVFL,AVHL,1
AVFL,AVHR,1
AVFL,AVJL,1
AVFL,AVJR,1
AVFL,AVL,1
AVFL,HSNL,1
AVFL,PDER,1
AVFL,PVNL,1
AVFL,PVQL,1
AVFL,PVQR,1
AVFL,VB1,1
AVFR,ASJL,1
AVFR,ASKL,1
AVFR,AVBL,1
AVFR,AVBR,1
AVFR,AVFL,1
AVFR,AVHL,1
AVFR,AVHR,1
AVFR,AVJL,1
AVFR,AVJR,1
AVFR,HSNR,1
AVFR,PVQL,1
AVFR,VC4,1
AVFR,VD11,1
AVG,AVAR,1
AVG,AVBL,1
AVG,AVBR,1
AVG,AVDR,1
AVG,AVEL,1
AVG,AVER,1
AVG,AVFL,1
AVG,AVJL,1
AVG,AVL,1
AVG,DA8,1
AVG,PHAL,1
AVG,PVCL,1
AVG,PVNR,1
AVG,PVPR,1
AVG,PVQR,1
AVG,PVT,1
AVG,RIFL,1
AVG,RIFR,1
AVG,VA11,1
AVHL,ADFR,1
AVHL,AVBL,1
AVHL,AVBR,1
AVHL,AVDL,1
AVHL,AVFL,1
AVHL,AVFR,1
AVHL,AVHR,1
AVHL,AVJL,1
AVHL,AWBR,1
AVHL,PHBR,1
AVHL,PVPR,1
AVHL,PVQL,1
AVHL,PVQR,1
AVHL,RIMR,1
AVHL,RIR,1
AVHL,SMBDR,1
AVHL,SMBVR,1
AVHL,VD1,1
AVHR,ADLL,1
AVHR,ADLR,1
AVHR,AQR,1
AVHR,AVBL,1
AVHR,AVBR,1
AVHR,AVDR,1
AVHR,AVFL,1
AVHR,AVFR,1
AVHR,AVHL,1
AVHR,AVJR,1
AVHR,PVNL,1
AVHR,PVPL,1
AVHR,RIGL,1
AVHR,RIR,1
AVHR,SMBDL,1
AVHR,SMBVL,1
AVJL,AVAL,1
AVJL,AVAR,1
AVJL,AVBL,1
AVJL,AVBR,1
AVJL,AVDL,1
AVJL,AVDR,1
AVJL,AVEL,1
AVJL,AVFR,1
AVJL,AVHL,1
AVJL,AVJR,1
AVJL,HSNR,1
AVJL,PLMR,1
AVJL,PVCL,1
AVJL,PVCR,1
AVJL,PVNR,1
AVJL,RIFR,1
AVJL,RIS,1
AVJR,AVAL,1
AVJR,AVAR,1
AVJR,AVBL,1
AVJR,AVBR,1
AVJR,AVDL,1
AVJR,AVDR,1
AVJR,AVER,1
AVJR,AVJL,1
AVJR,PVCL,1
AVJR,PVCR,1
AVJR,PVQR,1
AVJR,SABVL,1
AVKL,ADER,1
AVKL,AQR,1
AVKL,AVBL,1
AVKL,AVEL,1
AVKL,AVER,1
AVKL,AVKR,1
AVKL,AVM,1
AVKL,DVA,1
AVKL,PDEL,1
AVKL,PDER,1
AVKL,PVM,1
AVKL,PVPL,1
AVKL,PVPR,1
AVKL,PVT,1
AVKL,RICL,1
AVKL,RICR,1
AVKL,RIGL,1
AVKL,RIML,1
AVKL,RIMR,1
AVKL,RMFR,1
AVKL,SAADR,1
AVKL,SIAVR,1
AVKL,SMBDL,1
AVKL,SMBDR,1
AVKL,SMBVR,1
AVKL,SMDDR,1
AVKL,VB1,1
AVKL,VB10,1
AVKR,ADEL,1
AVKR,AQR,1
AVKR,AVKL,1
AVKR,BDUL,1
AVKR,PVPL,1
AVKR,PVQL,1
AVKR,RICL,1
AVKR,RIGR,1
AVKR,RIML,1
AVKR,RIMR,1
AVKR,RMDR,1
AVKR,RMFL,1
AVKR,SAADL,1
AVKR,SMBDL,1
AVKR,SMBDR,1
AVKR,SMBVR,1
AVKR,SMDDL,1
AVKR,SMDDR,1
AVL,AVEL,1
AVL,AVFR,1
AVL,DA2,1
AVL,DD1,1
AVL,DD6,1
AVL,DVB,1
AVL,DVC,1
AVL,HSNR,1
AVL,PVM,1
AVL,PVPR,1
AVL,PVWL,1
AVL,SABD,1
AVL,SABVL,1
AVL,SABVR,1
AVL,VD12,1
AVM,ADER,1
AVM,ALML,1
AVM,ALMR,1
AVM,AVBL,1
AVM,AVBR,1
AVM,AVDL,1
AVM,AVJR,1
AVM,BDUL,1
AVM,BDUR,1
AVM,DA1,1
AVM,PVCL,1
AVM,PVCR,1
AVM,PVNL,1
AVM,PVR,1
AVM,RID,1
AVM,SIBVL,1
AVM,VA1,1
AWAL,ADAL,1
AWAL,AFDL,1
AWAL,AIAL,1
AWAL,AIYL,1
AWAL,AIZL,1
AWAL,ASEL,1
AWAL,ASGL,1
AWAL,AWAR,1
AWAL,AWBL,1
AWAR,ADFR,1
AWAR,AFDR,1
AWAR,AIAR,1
AWAR,AIYR,1
AWAR,AIZR,1
AWAR,ASEL,1
AWAR,ASER,1
AWAR,AUAR,1
AWAR,AWAL,1
AWAR,AWBR,1
AWAR,RIFR,1
AWAR,RIGR,1
AWAR,RIR,1
AWBL,ADFL,1
AWBL,AIBR,1
AWBL,AIZL,1
AWBL,AUAL,1
AWBL,AVBL,1
AWBL,AWBR,1
AWBL,RIAL,1
AWBL,RMGL,1
AWBL,SMBDL,1
AWBR,ADFR,1
AWBR,AIZR,1
AWBR,ASGR,1
AWBR,ASHR,1
AWBR,AUAR,1
AWBR,AVBR,1
AWBR,AWBL,1
AWBR,RIAR,1
AWBR,RICL,1
AWBR,RIR,1
AWBR,RMGR,1
AWBR,SMBVR,1
AWCL,AIAL,1
AWCL,AIAR,1
AWCL,AIBL,1
AWCL,AIBR,1
AWCL,AIYL,1
AWCL,ASEL,1
AWCL,AVAL,1
AWCL,AWCR,1
AWCL,RIAL,1
AWCR,AIAR,1
AWCR,AIBR,1
AWCR,AIYL,1
AWCR,AIYR,1
AWCR,ASEL,1
AWCR,ASGR,1
AWCR,AWCL,1
BAGL,AIBL,1
BAGL,AVAR,1
BAGL,AVEL,1
BAGL,AVER,1
BAGL,BAGR,1
BAGL,RIAR,1
BAGL,RIBL,1
BAGL,RIBR,1
BAGL,RIGL,1
BAGL,RIGR,1
BAGL,RIR,1
BAGR,AIYL,1
BAGR,AVAL,1
BAGR,AVEL,1
BAGR,BAGL,1
BAGR,RIAL,1
BAGR,RIBL,1
BAGR,RIGL,1
BAGR,RIR,1
BDUL,ADEL,1
BDUL,AVHL,1
BDUL,AVJR,1
BDUL,HSNL,1
BDUL,PVNL,1
BDUL,PVNR,1
BDUL,SAADL,1
BDUL,URADL,1
BDUR,ADER,1
BDUR,ALMR,1
BDUR,AVAL,1
BDUR,AVHL,1
BDUR,AVJL,1
BDUR,HSNR,1
BDUR,PVCL,1
BDUR,PVNL,1
BDUR,PVNR,1
BDUR,SDQL,1
BDUR,URADR,1
CEPDL,ADER,1
CEPDL,ADLR,1
CEPDL,AFDR,1
CEPDL,AIBR,1
CEPDL,AIML,1
CEPDL,AIMR,1
CEPDL,AIYL,1
CEPDL,AIYR,1
CEPDL,AIZL,1
CEPDL,ALML,1
CEPDL,ALMR,1
CEPDL,ALNL,1
CEPDL,AS10,1
CEPDL,AS2,1
CEPDL,AS3,1
CEPDL,AS5,1
CEPDL,AS6,1
CEPDL,AS7,1
CEPDL,AS8,1
CEPDL,ASEL,1
CEPDL,ASER,1
CEPDL,ASGL,1
CEPDL,ASHL,1
CEPDL,ASHR,1
CEPDL,ASIL,1
CEPDL,ASIR,1
CEPDL,ASKL,1
CEPDL,ASKR,1
CEPDL,AUAR,1
CEPDL,AVBR,1
CEPDL,AVER,1
CEPDL,AVFL,1
CEPDL,AVFR,1
CEPDL,AVHR,1
CEPDL,AVJL,1
CEPDL,AVL,1
CEPDL,AVM,1
CEPDL,AWBR,1
CEPDL,BAGL,1
CEPDL,CANL,1
CEPDL,CANR,1
CEPDL,CEPDR,1
CEPDL,CEPVL,1
CEPDL,CEPVR,1
CEPDL,DA3,1
CEPDL,DA4,1
CEPDL,DA5,1
CEPDL,DA7,1
CEPDL,DB3,1
CEPDL,DB5,1
CEPDL,DB6,1
CEPDL,DB7,1
CEPDL,DD1,1
CEPDL,DD5,1
CEPDL,DVA,1
CEPDL,DVC,1
CEPDL,FLPL,1
CEPDL,FLPR,1
CEPDL,HSNL,1
CEPDL,HSNR,1
CEPDL,I2L,1
CEPDL,I2R,1
CEPDL,I3,1
CEPDL,I4,1
CEPDL,I6,1
CEPDL,IL1DL,1
CEPDL,IL1DR,1
CEPDL,IL1L,1
CEPDL,IL2DL,1
CEPDL,IL2DR,1
CEPDL,IL2R,1
CEPDL,IL2VR,1
CEPDL,LUAL,1
CEPDL,LUAR,1
CEPDL,M2L,1
CEPDL,M2R,1
CEPDL,M3L,1
CEPDL,M3R,1
CEPDL,M4,1
CEPDL,MCR,1
CEPDL,NSML,1
CEPDL,NSMR,1
CEPDL,OLLL,1
CEPDL,OLQDL,1
CEPDL,OLQVR,1
CEPDL,PDA,1
CEPDL,PDEL,1
CEPDL,PLML,1
CEPDL,PLMR,1
CEPDL,PLNR,1
CEPDL,PQR,1
CEPDL,PVCL,1
CEPDL,PVDR,1
CEPDL,PVQL,1
CEPDL,PVQR,1
CEPDL,PVT,1
CEPDL,RIAL,1
CEPDL,RIAR,1
CEPDL,RIBL,1
CEPDL,RIBR,1
CEPDL,RICL,1
CEPDL,RICR,1
CEPDL,RID,1
CEPDL,RIH,1
CEPDL,RIML,1
CEPDL,RIMR,1
CEPDL,RIPL,1
CEPDL,RIS,1
CEPDL,RMDDL,1
CEPDL,RMDL,1
CEPDL,RMDR,1
CEPDL,RMDVL,1
CEPDL,RMEL,1
CEPDL,RMEV,1
CEPDL,RMFL,1
CEPDL,RMGL,1
CEPDL,RMHR,1
CEPDL,SABVL,1
CEPDL,SABVR,1
CEPDL,SIADR,1
CEPDL,SIAVR,1
CEPDL,SIBDR,1
CEPDL,SIBVL,1
CEPDL,SIBVR,1
CEPDL,SMBDR,1
CEPDL,URADL,1
CEPDL,URBL,1
CEPDL,URYDL,1
CEPDL,URYDR,1
CEPDL,URYVL,1
CEPDL,VA1,1
CEPDL,VA11,1
CEPDL,VA12,1
CEPDL,VA2,1
CEPDL,VA3,1
CEPDL,VA4,1
CEPDL,VA5,1
CEPDL,VA6,1
CEPDL,VA7,1
CEPDL,VA8,1
CEPDL,VB1,1
CEPDL,VB11,1
CEPDL,VB2,1
CEPDL,VB6,1
CEPDL,VB7,1
CEPDL,VB8,1
CEPDL,VB9,1
CEPDL,VD1,1
CEPDL,VD10,1
CEPDL,VD13,1
CEPDL,VD2,1
CEPDL,VD3,1
CEPDL,VD4,1
CEPDL,VD5,1
CEPDL,VD6,1
CEPDL,VD7,1
CEPDL,VD8,1
CEPDL,VD9,1
CEPDR,ADEL,1
CEPDR,ADLR,1
CEPDR,AFDR,1
CEPDR,AIAR,1
CEPDR,AIBL,1
CEPDR,AIBR,1
CEPDR,AIYR,1
CEPDR,AIZL,1
CEPDR,AIZR,1
CEPDR,ALMR,1
CEPDR,ALNR,1
CEPDR,AS1,1
CEPDR,AS10,1
CEPDR,AS11,1
CEPDR,AS2,1
CEPDR,AS4,1
CEPDR,AS5,1
CEPDR,AS7,1
CEPDR,AS9,1
CEPDR,ASEL,1
CEPDR,ASGL,1
CEPDR,ASHR,1
CEPDR,ASIR,1
CEPDR,AUAR,1
CEPDR,AVBL,1
CEPDR,AVEL,1
CEPDR,AVFR,1
CEPDR,AVHR,1
CEPDR,AVJL,1
CEPDR,AVJR,1
CEPDR,AVL,1
CEPDR,AVM,1
CEPDR,AWBL,1
CEPDR,AWCL,1
CEPDR,AWCR,1
CEPDR,BAGL,1
CEPDR,BDUR,1
CEPDR,CANR,1
CEPDR,CEPDL,1
CEPDR,CEPVL,1
CEPDR,DA2,1
CEPDR,DA4,1
CEPDR,DA5,1
CEPDR,DA6,1
CEPDR,DA9,1
CEPDR,DB1,1
CEPDR,DB3,1
CEPDR,DB4,1
CEPDR,DB5,1
CEPDR,DB6,1
CEPDR,DB7,1
CEPDR,DD3,1
CEPDR,DD6,1
CEPDR,FLPL,1
CEPDR,I2L,1
CEPDR,I2R,1
CEPDR,I3,1
CEPDR,I4,1
CEPDR,I6,1
CEPDR,IL1DR,1
CEPDR,IL1L,1
CEPDR,IL1R,1
CEPDR,IL1VR,1
CEPDR,IL2DR,1
CEPDR,IL2L,1
CEPDR,IL2VR,1
CEPDR,LUAR,1
CEPDR,M2L,1
CEPDR,M2R,1
CEPDR,M3R,1
CEPDR,M4,1
CEPDR,M5,1
CEPDR,MCR,1
CEPDR,NSML,1
CEPDR,NSMR,1
CEPDR,OLLR,1
CEPDR,OLQDR,1
CEPDR,PDA,1
CEPDR,PDEL,1
CEPDR,PHBL,1
CEPDR,PHBR,1
CEPDR,PHCL,1
CEPDR,PHCR,1
CEPDR,PLML,1
CEPDR,PLMR,1
CEPDR,PLNR,1
CEPDR,PQR,1
CEPDR,PVCL,1
CEPDR,PVDR,1
CEPDR,PVQR,1
CEPDR,PVT,1
CEPDR,RIAL,1
CEPDR,RIAR,1
CEPDR,RIBL,1
CEPDR,RIBR,1
CEPDR,RICL,1
CEPDR,RICR,1
CEPDR,RID,1
CEPDR,RIH,1
CEPDR,RIS,1
CEPDR,RMDDL,1
CEPDR,RMDDR,1
CEPDR,RMDL,1
CEPDR,RMDR,1
CEPDR,RMDVL,1
CEPDR,RMDVR,1
CEPDR,RMED,1
CEPDR,RMEL,1
CEPDR,RMER,1
CEPDR,RMEV,1
CEPDR,RMFL,1
CEPDR,RMFR,1
CEPDR,RMGR,1
CEPDR,RMHL,1
CEPDR,RMHR,1
CEPDR,SABVL,1
CEPDR,SABVR,1
CEPDR,SDQL,1
CEPDR,SDQR,1
CEPDR,SIADL,1
CEPDR,SIADR,1
CEPDR,SIAVL,1
CEPDR,SIAVR,1
CEPDR,SIBDR,1
CEPDR,SIBVL,1
CEPDR,SIBVR,1
CEPDR,SMBDR,1
CEPDR,URADR,1
CEPDR,URBR,1
CEPDR,URYDL,1
CEPDR,URYDR,1
CEPDR,URYVL,1
CEPDR,VA1,1
CEPDR,VA10,1
CEPDR,VA11,1
CEPDR,VA2,1
CEPDR,VA3,1
CEPDR,VA4,1
CEPDR,VA5,1
CEPDR,VA8,1
CEPDR,VA9,1
CEPDR,VB1,1
CEPDR,VB2,1
CEPDR,VB3,1
CEPDR,VB4,1
CEPDR,VB5,1
CEPDR,VB6,1
CEPDR,VB8,1
CEPDR,VB9,1
CEPDR,VD1,1
CEPDR,VD10,1
CEPDR,VD11,1
CEPDR,VD12,1
CEPDR,VD13,1
CEPDR,VD3,1
CEPDR,VD4,1
CEPDR,VD5,1
CEPDR,VD7,1
CEPDR,VD8,1
CEPDR,VD9,1
CEPVL,ADER,1
CEPVL,ADLL,1
CEPVL,AFDR,1
CEPVL,AIAL,1
CEPVL,AIBL,1
CEPVL,AIML,1
CEPVL,AIMR,1
CEPVL,AIYL,1
CEPVL,AIYR,1
CEPVL,AIZL,1
CEPVL,ALMR,1
CEPVL,ALNL,1
CEPVL,ALNR,1
CEPVL,AS1,1
CEPVL,AS10,1
CEPVL,AS11,1
CEPVL,AS2,1
CEPVL,AS3,1
CEPVL,AS4,1
CEPVL,AS5,1
CEPVL,ASEL,1
CEPVL,ASER,1
CEPVL,ASGL,1
CEPVL,ASGR,1
CEPVL,ASHL,1
CEPVL,ASHR,1
CEPVL,ASIR,1
CEPVL,ASKL,1
CEPVL,ASKR,1
CEPVL,AUAL,1
CEPVL,AUAR,1
CEPVL,AVBR,1
CEPVL,AVER,1
CEPVL,AVHR,1
CEPVL,AVJL,1
CEPVL,AVJR,1
CEPVL,AVL,1
CEPVL,AVM,1
CEPVL,AWBL,1
CEPVL,BAGL,1
CEPVL,BDUR,1
CEPVL,CANL,1
CEPVL,CANR,1
CEPVL,CEPDL,1
CEPVL,CEPDR,1
CEPVL,DA1,1
CEPVL,DA2,1
CEPVL,DA3,1
CEPVL,DA5,1
CEPVL,DA9,1
CEPVL,DB1,1
CEPVL,DB3,1
CEPVL,DB6,1
CEPVL,DB7,1
CEPVL,DD2,1
CEPVL,DD3,1
CEPVL,DD4,1
CEPVL,DVA,1
CEPVL,FLPL,1
CEPVL,FLPR,1
CEPVL,I2L,1
CEPVL,I2R,1
CEPVL,I3,1
CEPVL,I4,1
CEPVL,I6,1
CEPVL,IL1DL,1
CEPVL,IL1VL,1
CEPVL,IL1VR,1
CEPVL,IL2DR,1
CEPVL,IL2R,1
CEPVL,IL2VR,1
CEPVL,LUAR,1
CEPVL,M1,1
CEPVL,M2L,1
CEPVL,M3L,1
CEPVL,M3R,1
CEPVL,M4,1
CEPVL,M5,1
CEPVL,MCL,1
CEPVL,MCR,1
CEPVL,NSMR,1
CEPVL,OLLL,1
CEPVL,OLQDL,1
CEPVL,OLQVL,1
CEPVL,OLQVR,1
CEPVL,PDEL,1
CEPVL,PDER,1
CEPVL,PHAL,1
CEPVL,PHAR,1
CEPVL,PHCL,1
CEPVL,PHCR,1
CEPVL,PLML,1
CEPVL,PLMR,1
CEPVL,PQR,1
CEPVL,PVCL,1
CEPVL,PVCR,1
CEPVL,PVDR,1
CEPVL,PVQR,1
CEPVL,RIAR,1
CEPVL,RIBL,1
CEPVL,RIBR,1
CEPVL,RICL,1
CEPVL,RICR,1
CEPVL,RID,1
CEPVL,RIH,1
CEPVL,RIML,1
CEPVL,RIMR,1
CEPVL,RIPL,1
CEPVL,RIS,1
CEPVL,RMDDL,1
CEPVL,RMDDR,1
CEPVL,RMDR,1
CEPVL,RMDVL,1
CEPVL,RMED,1
CEPVL,RMEL,1
CEPVL,RMEV,1
CEPVL,RMHL,1
CEPVL,SABD,1
CEPVL,SABVL,1
CEPVL,SDQL,1
CEPVL,SDQR,1
CEPVL,SIADL,1
CEPVL,SIAVL,1
CEPVL,SIAVR,1
CEPVL,SIBDR,1
CEPVL,SIBVL,1
CEPVL,SIBVR,1
CEPVL,URAVL,1
CEPVL,URYVL,1
CEPVL,URYVR,1
CEPVL,VA1,1
CEPVL,VA10,1
CEPVL,VA11,1
CEPVL,VA2,1
CEPVL,VA3,1
CEPVL,VA4,1
CEPVL,VA6,1
CEPVL,VA8,1
CEPVL,VA9,1
CEPVL,VB11,1
CEPVL,VB3,1
CEPVL,VB6,1
CEPVL,VB8,1
CEPVL,VB9,1
CEPVL,VD1,1
CEPVL,VD10,1
CEPVL,VD11,1
CEPVL,VD12,1
CEPVL,VD2,1
CEPVL,VD4,1
CEPVL,VD5,1
CEPVL,VD6,1
CEPVL,VD7,1
CEPVL,VD8,1
CEPVL,VD9,1
CEPVR,ADLR,1
CEPVR,AFDL,1
CEPVR,AIBL,1
CEPVR,AIMR,1
CEPVR,AIYL,1
CEPVR,AIYR,1
CEPVR,AIZL,1
CEPVR,ALML,1
CEPVR,ALMR,1
CEPVR,ALNL,1
CEPVR,ALNR,1
CEPVR,AS1,1
CEPVR,AS10,1
CEPVR,AS11,1
CEPVR,AS2,1
CEPVR,AS3,1
CEPVR,AS4,1
CEPVR,AS5,1
CEPVR,AS7,1
CEPVR,ASEL,1
CEPVR,ASGR,1
CEPVR,ASHL,1
CEPVR,ASHR,1
CEPVR,ASIL,1
CEPVR,ASIR,1
CEPVR,ASKR,1
CEPVR,AUAL,1
CEPVR,AUAR,1
CEPVR,AVEL,1
CEPVR,AVFR,1
CEPVR,AVL,1
CEPVR,AWBL,1
CEPVR,AWBR,1
CEPVR,AWCL,1
CEPVR,BDUL,1
CEPVR,BDUR,1
CEPVR,CANR,1
CEPVR,CEPDR,1
CEPVR,CEPVL,1
CEPVR,DA1,1
CEPVR,DA4,1
CEPVR,DA7,1
CEPVR,DA9,1
CEPVR,DB3,1
CEPVR,DB5,1
CEPVR,DB6,1
CEPVR,DB7,1
CEPVR,DD1,1
CEPVR,DD2,1
CEPVR,DD3,1
CEPVR,DD4,1
CEPVR,DD5,1
CEPVR,DD6,1
CEPVR,DVA,1
CEPVR,FLPR,1
CEPVR,HSNR,1
CEPVR,I1L,1
CEPVR,I1R,1
CEPVR,I2L,1
CEPVR,I2R,1
CEPVR,I4,1
CEPVR,IL1DR,1
CEPVR,IL1L,1
CEPVR,IL1VR,1
CEPVR,IL2DR,1
CEPVR,IL2VL,1
CEPVR,IL2VR,1
CEPVR,LUAR,1
CEPVR,M1,1
CEPVR,M2L,1
CEPVR,M2R,1
CEPVR,M3L,1
CEPVR,M3R,1
CEPVR,M4,1
CEPVR,MCR,1
CEPVR,NSML,1
CEPVR,OLLL,1
CEPVR,OLLR,1
CEPVR,OLQDR,1
CEPVR,OLQVR,1
CEPVR,PDA,1
CEPVR,PDEL,1
CEPVR,PDER,1
CEPVR,PHAL,1
CEPVR,PHBR,1
CEPVR,PHCR,1
CEPVR,PLMR,1
CEPVR,PLNL,1
CEPVR,PQR,1
CEPVR,PVDR,1
CEPVR,PVQL,1
CEPVR,PVQR,1
CEPVR,PVT,1
CEPVR,RIAL,1
CEPVR,RIAR,1
CEPVR,RIBL,1
CEPVR,RIBR,1
CEPVR,RICL,1
CEPVR,RICR,1
CEPVR,RID,1
CEPVR,RIH,1
CEPVR,RIMR,1
CEPVR,RIPR,1
CEPVR,RIS,1
CEPVR,RIVL,1
CEPVR,RMDDR,1
CEPVR,RMDR,1
CEPVR,RMDVL,1
CEPVR,RMDVR,1
CEPVR,RMED,1
CEPVR,RMEL,1
CEPVR,RMEV,1
CEPVR,RMFL,1
CEPVR,RMHR,1
CEPVR,SABD,1
CEPVR,SABVL,1
CEPVR,SIADL,1
CEPVR,SIADR,1
CEPVR,SIAVL,1
CEPVR,SIAVR,1
CEPVR,SIBDL,1
CEPVR,SIBDR,1
CEPVR,SIBVL,1
CEPVR,SIBVR,1
CEPVR,SMDVL,1
CEPVR,URAVR,1
CEPVR,URYDR,1
CEPVR,URYVL,1
CEPVR,URYVR,1
CEPVR,VA11,1
CEPVR,VA2,1
CEPVR,VA3,1
CEPVR,VA4,1
CEPVR,VA7,1
CEPVR,VA8,1
CEPVR,VA9,1
CEPVR,VB1,1
CEPVR,VB10,1
CEPVR,VB11,1
CEPVR,VB3,1
CEPVR,VB6,1
CEPVR,VB7,1
CEPVR,VB8,1
CEPVR,VB9,1
CEPVR,VD1,1
CEPVR,VD10,1
CEPVR,VD11,1
CEPVR,VD12,1
CEPVR,VD13,1
CEPVR,VD2,1
CEPVR,VD3,1
CEPVR,VD4,1
CEPVR,VD5,1
CEPVR,VD6,1
CEPVR,VD8,1
DA1,AVAL,1
DA1,AVAR,1
DA1,DA4,1
DA1,DD1,1
DA1,SABVL,1
DA1,SABVR,1
DA1,VD1,1
DA1,VD2,1
DA2,AS2,1
DA2,AS3,1
DA2,AVAL,1
DA2,AVAR,1
DA2,DD1,1
DA2,SABVL,1
DA2,VA1,1
DA2,VD1,1
DA2,VD2,1
DA2,VD3,1
DA3,AS4,1
DA3,AVAR,1
DA3,DA4,1
DA3,DB3,1
DA3,DD2,1
DA3,VD3,1
DA3,VD4,1
DA4,AVAL,1
DA4,AVAR,1
DA4,DA1,1
DA4,DA3,1
DA4,DB3,1
DA4,DD2,1
DA4,VB6,1
DA4,VD4,1
DA4,VD5,1
DA5,AS6,1
DA5,AVAL,1
DA5,AVAR,1
DA5,DB4,1
DA5,VA4,1
DA5,VA5,1
DA5,VD5,1
DA5,VD6,1
DA6,AVAL,1
DA6,AVAR,1
DA6,VD4,1
DA6,VD5,1
DA6,VD6,1
DA7,AVAL,1
DA8,AVAR,1
DA8,DA9,1
DA9,DA8,1
DA9,DD6,1
DA9,PDA,1
DA9,PHCL,1
DA9,RID,1
DA9,VD13,1
DB1,AIBR,1
DB1,AS1,1
DB1,AS2,1
DB1,AS3,1
DB1,AVBR,1
DB1,DB2,1
DB1,DB4,1
DB1,DD1,1
DB1,DVA,1
DB1,RID,1
DB1,RIS,1
DB1,VB3,1
DB1,VB4,1
DB1,VD1,1
DB1,VD2,1
DB1,VD3,1
DB2,AVBR,1
DB2,DA3,1
DB2,DB1,1
DB2,DB3,1
DB2,DD2,1
DB2,VB1,1
DB2,VD3,1
DB2,VD4,1
DB2,VD5,1
DB3,AS4,1
DB3,AS5,1
DB3,AVBL,1
DB3,AVBR,1
DB3,DA4,1
DB3,DB2,1
DB3,DB4,1
DB3,DD2,1
DB3,DD3,1
DB3,VD4,1
DB3,VD5,1
DB3,VD6,1
DB4,AVBL,1
DB4,AVBR,1
DB4,DB1,1
DB4,DB3,1
DB4,DD3,1
DB4,VB2,1
DB4,VB4,1
DB4,VD6,1
DB5,AVAR,1
DB5,AVBL,1
DB5,AVBR,1
DB6,AVAL,1
DB6,AVBL,1
DB6,AVBR,1
DB7,AVBL,1
DB7,AVBR,1
DB7,VD13,1
DD1,AVBR,1
DD1,DA2,1
DD1,DD2,1
DD1,VD1,1
DD1,VD2,1
DD2,DA3,1
DD2,DD1,1
DD2,DD3,1
DD2,VD3,1
DD2,VD4,1
DD3,DD2,1
DD3,DD4,1
DD4,DD3,1
DD4,VC3,1
DD4,VD8,1
DD5,VB8,1
DD5,VD10,1
DD5,VD9,1
DVA,AIZL,1
DVA,AQR,1
DVA,AUAL,1
DVA,AUAR,1
DVA,AVAL,1
DVA,AVAR,1
DVA,AVBL,1
DVA,AVBR,1
DVA,AVEL,1
DVA,AVER,1
DVA,DB1,1
DVA,DB2,1
DVA,DB3,1
DVA,DB4,1
DVA,DB5,1
DVA,DB6,1
DVA,DB7,1
DVA,PDEL,1
DVA,PVCL,1
DVA,PVCR,1
DVA,PVR,1
DVA,RIAL,1
DVA,RIAR,1
DVA,RIMR,1
DVA,RIR,1
DVA,SAADR,1
DVA,SAAVL,1
DVA,SAAVR,1
DVA,SABD,1
DVA,SMBDL,1
DVA,SMBDR,1
DVA,SMBVL,1
DVA,SMBVR,1
DVA,VA12,1
DVA,VA2,1
DVA,VB1,1
DVA,VB11,1
DVB,AS9,1
DVB,AVL,1
DVB,DA8,1
DVB,DD6,1
DVB,DVC,1
DVB,PDA,1
DVB,PHCL,1
DVB,PVPL,1
DVB,VA9,1
DVB,VB9,1
DVC,AIBL,1
DVC,AIBR,1
DVC,AVAL,1
DVC,AVAR,1
DVC,AVBL,1
DVC,AVKL,1
DVC,AVKR,1
DVC,AVL,1
DVC,PVPL,1
DVC,PVPR,1
DVC,PVT,1
DVC,RIBL,1
DVC,RIBR,1
DVC,RIGL,1
DVC,RIGR,1
DVC,RMFL,1
DVC,RMFR,1
DVC,VA9,1
DVC,VD1,1
DVC,VD10,1
FLPL,ADEL,1
FLPL,ADER,1
FLPL,AIBL,1
FLPL,AIBR,1
FLPL,AVAL,1
FLPL,AVAR,1
FLPL,AVBL,1
FLPL,AVBR,1
FLPL,AVDL,1
FLPL,AVDR,1
FLPL,DVA,1
FLPL,FLPR,1
FLPL,RIH,1
FLPR,ADER,1
FLPR,AIBR,1
FLPR,AVAL,1
FLPR,AVAR,1
FLPR,AVBL,1
FLPR,AVBR,1
FLPR,AVDL,1
FLPR,AVDR,1
FLPR,AVEL,1
FLPR,AVER,1
FLPR,AVJR,1
FLPR,DVA,1
FLPR,FLPL,1
FLPR,PVCL,1
FLPR,VB1,1
HSNL,ADLL,1
HSNL,ADLR,1
HSNL,AIAL,1
HSNL,AIAR,1
HSNL,AIBL,1
HSNL,AIMR,1
HSNL,AIYR,1
HSNL,AIZL,1
HSNL,AIZR,1
HSNL,ALNL,1
HSNL,ALNR,1
HSNL,AS1,1
HSNL,AS10,1
HSNL,AS11,1
HSNL,ASEL,1
HSNL,ASHL,1
HSNL,ASHR,1
HSNL,ASJR,1
HSNL,ASKL,1
HSNL,AVDR,1
HSNL,AVFL,1
HSNL,AVHL,1
HSNL,AVJL,1
HSNL,AVM,1
HSNL,AWBL,1
HSNL,AWBR,1
HSNL,BAGR,1
HSNL,CANL,1
HSNL,CEPDL,1
HSNL,CEPDR,1
HSNL,CEPVR,1
HSNL,DA2,1
HSNL,DA4,1
HSNL,DA5,1
HSNL,DA7,1
HSNL,DA9,1
HSNL,DB2,1
HSNL,DB4,1
HSNL,DB6,1
HSNL,DB7,1
HSNL,DD3,1
HSNL,HSNR,1
HSNL,I4,1
HSNL,I6,1
HSNL,IL2L,1
HSNL,LUAR,1
HSNL,M2L,1
HSNL,M2R,1
HSNL,M3L,1
HSNL,OLLR,1
HSNL,PDA,1
HSNL,PHCR,1
HSNL,PLMR,1
HSNL,PVDR,1
HSNL,PVQR,1
HSNL,RIAR,1
HSNL,RICL,1
HSNL,RICR,1
HSNL,RID,1
HSNL,RIFL,1
HSNL,RIML,1
HSNL,RIMR,1
HSNL,RIS,1
HSNL,RMDDR,1
HSNL,RMDVR,1
HSNL,RMEV,1
HSNL,RMHL,1
HSNL,RMHR,1
HSNL,SABVL,1
HSNL,SDQL,1
HSNL,SIADL,1
HSNL,SIADR,1
HSNL,SIAVL,1
HSNL,SIBDL,1
HSNL,SIBVL,1
HSNL,SIBVR,1
HSNL,SMDVL,1
HSNL,VA10,1
HSNL,VA3,1
HSNL,VA4,1
HSNL,VA6,1
HSNL,VB1,1
HSNL,VB11,1
HSNL,VB6,1
HSNL,VB7,1
HSNL,VB8,1
HSNL,VC5,1
HSNL,VD1,1
HSNL,VD11,1
HSNL,VD12,1
HSNL,VD13,1
HSNL,VD5,1
HSNL,VD6,1
HSNL,VD7,1
HSNL,VD8,1
HSNR,ADLL,1
HSNR,ADLR,1
HSNR,AFDR,1
HSNR,AIBL,1
HSNR,AIBR,1
HSNR,AIML,1
HSNR,AIMR,1
HSNR,AIYR,1
HSNR,AIZL,1
HSNR,AIZR,1
HSNR,ALML,1
HSNR,ALNL,1
HSNR,ALNR,1
HSNR,AS10,1
HSNR,AS3,1
HSNR,AS5,1
HSNR,AS7,1
HSNR,ASEL,1
HSNR,ASGL,1
HSNR,ASHL,1
HSNR,ASHR,1
HSNR,ASKL,1
HSNR,AUAL,1
HSNR,AUAR,1
HSNR,AVDR,1
HSNR,AVFL,1
HSNR,AVHR,1
HSNR,AVJL,1
HSNR,AVL,1
HSNR,AWBL,1
HSNR,AWBR,1
HSNR,BAGL,1
HSNR,BDUR,1
HSNR,CEPDR,1
HSNR,CEPVL,1
HSNR,DA1,1
HSNR,DA3,1
HSNR,DA5,1
HSNR,DA6,1
HSNR,DB3,1
HSNR,DB5,1
HSNR,DD2,1
HSNR,DD4,1
HSNR,DVA,1
HSNR,FLPL,1
HSNR,FLPR,1
HSNR,HSNL,1
HSNR,I1L,1
HSNR,I2R,1
HSNR,I3,1
HSNR,IL2DL,1
HSNR,IL2DR,1
HSNR,IL2L,1
HSNR,M3L,1
HSNR,MCL,1
HSNR,OLLR,1
HSNR,PDEL,1
HSNR,PHCL,1
HSNR,PHCR,1
HSNR,PLMR,1
HSNR,PLNL,1
HSNR,PLNR,1
HSNR,PVCL,1
HSNR,PVDR,1
HSNR,PVNR,1
HSNR,PVQR,1
HSNR,PVT,1
HSNR,RIAR,1
HSNR,RICR,1
HSNR,RIFR,1
HSNR,RIMR,1
HSNR,RIS,1
HSNR,RMDVL,1
HSNR,RMER,1
HSNR,RMGR,1
HSNR,RMHL,1
HSNR,SABD,1
HSNR,SABVL,1
HSNR,SABVR,1
HSNR,SDQR,1
HSNR,SIADL,1
HSNR,SIADR,1
HSNR,SIBDL,1
HSNR,SIBVL,1
HSNR,SIBVR,1
HSNR,SMDVL,1
HSNR,URYDL,1
HSNR,URYDR,1
HSNR,VA1,1
HSNR,VA10,1
HSNR,VA4,1
HSNR,VA6,1
HSNR,VB2,1
HSNR,VB3,1
HSNR,VC2,1
HSNR,VC3,1
HSNR,VD13,1
HSNR,VD2,1
HSNR,VD4,1
HSNR,VD5,1
HSNR,VD7,1
HSNR,VD8,1
HSNR,VD9,1
I1L,I1R,1
I1L,I2L,1
I1L,I2R,1
I1L,I5,1
I1L,M1,1
I1L,M2L,1
I1L,M2R,1
I1L,M3L,1
I1L,M3R,1
I1L,MCL,1
I1L,MCR,1
I1L,MI,1
I1L,NSML,1
I1L,NSMR,1
I1L,RIPL,1
I1L,RIPR,1
I1R,I1L,1
I1R,I2L,1
I1R,I2R,1
I1R,I5,1
I1R,M1,1
I1R,M2L,1
I1R,M2R,1
I1R,M3L,1
I1R,M3R,1
I1R,MCL,1
I1R,MCR,1
I1R,MI,1
I1R,NSML,1
I1R,NSMR,1
I1R,RIPL,1
I1R,RIPR,1
I2L,I1L,1
I2L,I1R,1
I2L,I4,1
I2L,I6,1
I2L,M1,1
I2L,MCL,1
I2L,NSML,1
I2L,NSMR,1
I2R,I1L,1
I2R,I1R,1
I2R,I4,1
I2R,I6,1
I2R,M1,1
I2R,MCL,1
I2R,NSML,1
I2R,NSMR,1
I3,I1L,1
I3,I1R,1
I3,I6,1
I3,M1,1
I3,M2L,1
I3,M2R,1
I3,M3L,1
I3,M3R,1
I3,M4,1
I3,MCL,1
I3,MCR,1
I3,MI,1
I3,NSML,1
I3,NSMR,1
I4,M1,1
I4,M3L,1
I4,M3R,1
I4,MI,1
I4,NSML,1
I4,NSMR,1
I5,I1L,1
I5,I1R,1
I5,I4,1
I5,M1,1
I5,M3L,1
I5,M3R,1
I5,M4,1
I5,M5,1
I5,MI,1
I5,NSML,1
I5,NSMR,1
I6,M3L,1
I6,M3R,1
I6,M4,1
I6,M5,1
I6,NSML,1
I6,NSMR,1
IL1DL,IL1DR,1
IL1DL,IL1L,1
IL1DL,OLLL,1
IL1DL,PVR,1
IL1DL,RIH,1
IL1DL,RIPL,1
IL1DL,RMDDR,1
IL1DL,RMDVL,1
IL1DL,RMEV,1
IL1DL,URYDL,1
IL1DR,IL1DL,1
IL1DR,IL1R,1
IL1DR,OLLR,1
IL1DR,RIPR,1
IL1DR,RMDVR,1
IL1DR,RMEV,1
IL1L,AVER,1
IL1L,IL1DL,1
IL1L,IL1VL,1
IL1L,RMDDL,1
IL1L,RMDL,1
IL1L,RMDR,1
IL1L,RMDVL,1
IL1L,RMDVR,1
IL1L,RMER,1
IL1R,AVEL,1
IL1R,AVER,1
IL1R,IL1DR,1
IL1R,IL1VR,1
IL1R,RMDDL,1
IL1R,RMDDR,1
IL1R,RMDL,1
IL1R,RMDR,1
IL1R,RMDVL,1
IL1R,RMDVR,1
IL1R,RMEL,1
IL1R,RMHL,1
IL1R,URXR,1
IL1VL,IL1L,1
IL1VL,IL1VR,1
IL1VL,RIPL,1
IL1VL,RMDDL,1
IL1VL,RMED,1
IL1VL,URYVL,1
IL1VR,IL1R,1
IL1VR,IL1VL,1
IL1VR,IL2R,1
IL1VR,IL2VR,1
IL1VR,RIPR,1
IL1VR,RMDDR,1
IL1VR,RMER,1
IL2DL,AUAL,1
IL2DL,IL1DL,1
IL2DL,OLQDL,1
IL2DL,RIBL,1
IL2DL,RIPL,1
IL2DL,RMEL,1
IL2DL,RMER,1
IL2DL,URADL,1
IL2DR,CEPDR,1
IL2DR,IL1DR,1
IL2DR,RICR,1
IL2DR,RIPR,1
IL2DR,RMED,1
IL2DR,RMEL,1
IL2DR,RMER,1
IL2DR,RMEV,1
IL2DR,URADR,1
IL2L,ADEL,1
IL2L,AVEL,1
IL2L,IL1L,1
IL2L,OLQDL,1
IL2L,OLQVL,1
IL2L,RICL,1
IL2L,RIH,1
IL2L,RMDL,1
IL2L,RMDR,1
IL2L,RMER,1
IL2L,RMEV,1
IL2L,RMGL,1
IL2L,URXL,1
IL2R,ADER,1
IL2R,IL1R,1
IL2R,IL1VR,1
IL2R,OLLR,1
IL2R,OLQDR,1
IL2R,OLQVR,1
IL2R,RIH,1
IL2R,RMDL,1
IL2R,RMEL,1
IL2R,RMEV,1
IL2R,RMGR,1
IL2R,URBR,1
IL2R,URXR,1
IL2VL,BAGR,1
IL2VL,IL1VL,1
IL2VL,IL2L,1
IL2VL,OLQVL,1
IL2VL,RIAL,1
IL2VL,RIH,1
IL2VL,RIPL,1
IL2VL,RMEL,1
IL2VL,RMER,1
IL2VL,RMEV,1
IL2VL,URAVL,1
IL2VR,IL1VR,1
IL2VR,OLQVR,1
IL2VR,RIAR,1
IL2VR,RIH,1
IL2VR,RIPR,1
IL2VR,RMEL,1
IL2VR,RMER,1
IL2VR,RMEV,1
IL2VR,URAVR,1
IL2VR,URXR,1
LUAL,AVAL,1
LUAL,AVAR,1
LUAL,AVDL,1
LUAL,AVDR,1
LUAL,AVJL,1
LUAL,PHBL,1
LUAL,PLML,1
LUAL,PVNL,1
LUAL,PVR,1
LUAL,PVWL,1
LUAR,AVAL,1
LUAR,AVAR,1
LUAR,AVDL,1
LUAR,AVDR,1
LUAR,AVJR,1
LUAR,PLMR,1
LUAR,PQR,1
LUAR,PVCR,1
LUAR,PVR,1
LUAR,PVWL,1
M1,I2L,1
M1,I2R,1
M1,I3,1
M1,I4,1
M1,I5,1
M1,M3L,1
M1,M3R,1
M1,M5,1
M1,MCL,1
M1,MCR,1
M1,MI,1
M2L,I3,1
M2L,M2R,1
M2L,M4,1
M2L,M5,1
M2L,MCL,1
M2L,MCR,1
M2L,MI,1
M2R,I3,1
M2R,M2L,1
M2R,M3L,1
M2R,M3R,1
M2R,M4,1
M2R,M5,1
M2R,MCL,1
M2R,MCR,1
M2R,MI,1
M3L,M2R,1
M3L,M3R,1
M3L,MCL,1
M3L,MCR,1
M3L,MI,1
M3R,M2R,1
M3R,M3L,1
M3R,MCL,1
M3R,MCR,1
M3R,MI,1
M4,I6,1
M4,M1,1
M4,M2L,1
M4,M2R,1
M4,M4,1
M4,M5,1
M5,I5,1
M5,I6,1
M5,M1,1
M5,M2L,1
M5,M2R,1
M5,M4,1
M5,M5,1
MCL,M2L,1
MCL,M2R,1
MCL,M3L,1
MCL,M3R,1
MCL,MI,1
MCR,M2L,1
MCR,M2R,1
MCR,M3L,1
MCR,M3R,1
MCR,MI,1
MI,I1L,1
MI,I1R,1
MI,I3,1
MI,I4,1
MI,I5,1
MI,M1,1
MI,M2L,1
MI,M2R,1
MI,M3L,1
MI,M3R,1
MI,MCL,1
MI,MCR,1
NSML,ADLR,1
NSML,AIBL,1
NSML,AIML,1
NSML,AIMR,1
NSML,AIYR,1
NSML,ALNR,1
NSML,AS10,1
NSML,AS11,1
NSML,AS5,1
NSML,AS6,1
NSML,AS8,1
NSML,ASEL,1
NSML,ASGL,1
NSML,ASGR,1
NSML,ASIL,1
NSML,ASKL,1
NSML,AVJR,1
NSML,AVL,1
NSML,AVM,1
NSML,AWBR,1
NSML,AWCR,1
NSML,CANL,1
NSML,CANR,1
NSML,CEPDR,1
NSML,DA4,1
NSML,DA5,1
NSML,DA6,1
NSML,DA7,1
NSML,DA8,1
NSML,DA9,1
NSML,DB3,1
NSML,DB4,1
NSML,DB7,1
NSML,DD2,1
NSML,DD3,1
NSML,DD5,1
NSML,DD6,1
NSML,DVC,1
NSML,FLPL,1
NSML,I1L,1
NSML,I2L,1
NSML,I6,1
NSML,IL1R,1
NSML,IL2R,1
NSML,IL2VL,1
NSML,M3L,1
NSML,M3R,1
NSML,M4,1
NSML,MCL,1
NSML,OLLR,1
NSML,OLQVR,1
NSML,PDER,1
NSML,PLMR,1
NSML,PVCL,1
NSML,PVDL,1
NSML,RIAL,1
NSML,RIAR,1
NSML,RICL,1
NSML,RICR,1
NSML,RIS,1
NSML,RMDDL,1
NSML,RMDR,1
NSML,RMDVL,1
NSML,RMEL,1
NSML,RMEV,1
NSML,RMHL,1
NSML,RMHR,1
NSML,SABD,1
NSML,SABVR,1
NSML,SIADL,1
NSML,SIADR,1
NSML,SIAVR,1
NSML,SIBDR,1
NSML,VA1,1
NSML,VA10,1
NSML,VA11,1
NSML,VA6,1
NSML,VA7,1
NSML,VA9,1
NSML,VB11,1
NSML,VB6,1
NSML,VB7,1
NSML,VD1,1
NSML,VD11,1
NSML,VD12,1
NSML,VD4,1
NSMR,ADLR,1
NSMR,AIAL,1
NSMR,ALMR,1
NSMR,ALNL,1
NSMR,AS11,1
NSMR,AS3,1
NSMR,AS5,1
NSMR,ASGR,1
NSMR,ASHL,1
NSMR,ASIR,1
NSMR,ASKL,1
NSMR,AUAR,1
NSMR,AVBL,1
NSMR,AVFL,1
NSMR,AVJL,1
NSMR,AWBL,1
NSMR,BAGL,1
NSMR,BDUR,1
NSMR,CANL,1
NSMR,CANR,1
NSMR,DA1,1
NSMR,DA3,1
NSMR,DA4,1
NSMR,DA5,1
NSMR,DB1,1
NSMR,DB2,1
NSMR,DB5,1
NSMR,DB6,1
NSMR,DD1,1
NSMR,DD4,1
NSMR,FLPL,1
NSMR,HSNR,1
NSMR,I6,1
NSMR,IL2DL,1
NSMR,IL2R,1
NSMR,IL2VL,1
NSMR,LUAR,1
NSMR,M3L,1
NSMR,M3R,1
NSMR,M4,1
NSMR,M5,1
NSMR,MCR,1
NSMR,PDA,1
NSMR,PHBL,1
NSMR,PHCL,1
NSMR,PHCR,1
NSMR,PLMR,1
NSMR,PLNL,1
NSMR,PQR,1
NSMR,PVQL,1
NSMR,PVQR,1
NSMR,RIAR,1
NSMR,RICL,1
NSMR,RIMR,1
NSMR,RMDL,1
NSMR,RMDVL,1
NSMR,RMED,1
NSMR,RMFL,1
NSMR,SABVL,1
NSMR,SABVR,1
NSMR,SDQR,1
NSMR,SIADL,1
NSMR,SIADR,1
NSMR,SIAVR,1
NSMR,SIBDR,1
NSMR,SMDVL,1
NSMR,VA1,1
NSMR,VA11,1
NSMR,VA12,1
NSMR,VA5,1
NSMR,VA6,1
NSMR,VA7,1
NSMR,VB1,1
NSMR,VB10,1
NSMR,VB11,1
NSMR,VB4,1
NSMR,VD10,1
NSMR,VD11,1
NSMR,VD2,1
NSMR,VD4,1
NSMR,VD5,1
NSMR,VD6,1
NSMR,VD7,1
NSMR,VD8,1
NSMR,VD9,1
OLLL,AVER,1
OLLL,CEPDL,1
OLLL,CEPVL,1
OLLL,IL1DL,1
OLLL,IL1VL,1
OLLL,OLLR,1
OLLL,RIBL,1
OLLL,RIGL,1
OLLL,RMDDL,1
OLLL,RMDL,1
OLLL,RMDVL,1
OLLL,RMEL,1
OLLL,SMDDL,1
OLLL,SMDDR,1
OLLL,SMDVR,1
OLLL,URYDL,1
OLLR,AVEL,1
OLLR,CEPDR,1
OLLR,CEPVR,1
OLLR,IL1DR,1
OLLR,IL1VR,1
OLLR,IL2R,1
OLLR,OLLL,1
OLLR,RIBR,1
OLLR,RIGR,1
OLLR,RMDDR,1
OLLR,RMDL,1
OLLR,RMDVR,1
OLLR,RMER,1
OLLR,SMDDR,1
OLLR,SMDVL,1
OLLR,SMDVR,1
OLQDL,CEPDL,1
OLQDL,RIBL,1
OLQDL,RICR,1
OLQDL,RIGL,1
OLQDL,RMDDR,1
OLQDL,RMDVL,1
OLQDL,SIBVL,1
OLQDL,URBL,1
OLQDR,CEPDR,1
OLQDR,RIBR,1
OLQDR,RICL,1
OLQDR,RICR,1
OLQDR,RIGR,1
OLQDR,RIH,1
OLQDR,RMDDL,1
OLQDR,RMDVR,1
OLQDR,RMHR,1
OLQDR,SIBVR,1
OLQDR,URBR,1
OLQVL,ADLL,1
OLQVL,CEPVL,1
OLQVL,IL1VL,1
OLQVL,IL2VL,1
OLQVL,RIBL,1
OLQVL,RICL,1
OLQVL,RIGL,1
OLQVL,RIH,1
OLQVL,RIPL,1
OLQVL,RMDDL,1
OLQVL,RMDVR,1
OLQVL,SIBDL,1
OLQVL,URBL,1
OLQVR,CEPVR,1
OLQVR,IL1VR,1
OLQVR,RIBR,1
OLQVR,RICR,1
OLQVR,RIGR,1
OLQVR,RIH,1
OLQVR,RIPR,1
OLQVR,RMDDR,1
OLQVR,RMDVL,1
OLQVR,RMER,1
OLQVR,SIBDR,1
OLQVR,URBR,1
PDA,AS11,1
PDA,DA9,1
PDA,DD6,1
PDA,PVNR,1
PDA,VD13,1
PDB,AS11,1
PDB,RID,1
PDB,VD13,1
PDEL,ADEL,1
PDEL,ADER,1
PDEL,ADLR,1
PDEL,AFDL,1
PDEL,AFDR,1
PDEL,AIAR,1
PDEL,AIBL,1
PDEL,AIBR,1
PDEL,AIML,1
PDEL,AIYR,1
PDEL,AIZL,1
PDEL,AIZR,1
PDEL,ALML,1
PDEL,ALMR,1
PDEL,ALNR,1
PDEL,AS1,1
PDEL,AS11,1
PDEL,AS2,1
PDEL,AS4,1
PDEL,AS5,1
PDEL,AS7,1
PDEL,AS8,1
PDEL,ASEL,1
PDEL,ASER,1
PDEL,ASGR,1
PDEL,ASHL,1
PDEL,ASIL,1
PDEL,ASKR,1
PDEL,AUAR,1
PDEL,AVHR,1
PDEL,AVJL,1
PDEL,AVJR,1
PDEL,AVKL,1
PDEL,AVL,1
PDEL,AVM,1
PDEL,AWCL,1
PDEL,AWCR,1
PDEL,BAGR,1
PDEL,BDUL,1
PDEL,BDUR,1
PDEL,CANL,1
PDEL,CANR,1
PDEL,CEPDL,1
PDEL,CEPVL,1
PDEL,DA1,1
PDEL,DA3,1
PDEL,DA4,1
PDEL,DA5,1
PDEL,DA8,1
PDEL,DA9,1
PDEL,DB1,1
PDEL,DB2,1
PDEL,DB3,1
PDEL,DB4,1
PDEL,DB6,1
PDEL,DB7,1
PDEL,DD1,1
PDEL,DD2,1
PDEL,DD3,1
PDEL,DD4,1
PDEL,DD6,1
PDEL,DVA,1
PDEL,FLPR,1
PDEL,HSNR,1
PDEL,I1R,1
PDEL,I2L,1
PDEL,I2R,1
PDEL,IL1DL,1
PDEL,IL1L,1
PDEL,IL1VL,1
PDEL,IL2DL,1
PDEL,IL2L,1
PDEL,IL2VL,1
PDEL,IL2VR,1
PDEL,LUAL,1
PDEL,M2L,1
PDEL,M3L,1
PDEL,M3R,1
PDEL,M4,1
PDEL,MCL,1
PDEL,MCR,1
PDEL,NSML,1
PDEL,NSMR,1
PDEL,OLQDR,1
PDEL,PDA,1
PDEL,PDER,1
PDEL,PHBL,1
PDEL,PHCL,1
PDEL,PLML,1
PDEL,PLMR,1
PDEL,PLNL,1
PDEL,PQR,1
PDEL,PVCL,1
PDEL,PVCR,1
PDEL,PVDL,1
PDEL,PVDR,1
PDEL,PVM,1
PDEL,PVQR,1
PDEL,PVR,1
PDEL,PVT,1
PDEL,RIAL,1
PDEL,RIAR,1
PDEL,RIBL,1
PDEL,RICL,1
PDEL,RICR,1
PDEL,RID,1
PDEL,RIMR,1
PDEL,RIS,1
PDEL,RMDDL,1
PDEL,RMDDR,1
PDEL,RMDR,1
PDEL,RMDVL,1
PDEL,RMDVR,1
PDEL,RMED,1
PDEL,RMEL,1
PDEL,RMER,1
PDEL,RMEV,1
PDEL,SABD,1
PDEL,SABVL,1
PDEL,SABVR,1
PDEL,SDQR,1
PDEL,SIADR,1
PDEL,SIAVR,1
PDEL,SIBDL,1
PDEL,SIBVL,1
PDEL,SIBVR,1
PDEL,URYDR,1
PDEL,URYVL,1
PDEL,URYVR,1
PDEL,VA10,1
PDEL,VA12,1
PDEL,VA2,1
PDEL,VA3,1
PDEL,VA4,1
PDEL,VA6,1
PDEL,VA8,1
PDEL,VA9,1
PDEL,VB1,1
PDEL,VB3,1
PDEL,VB5,1
PDEL,VB7,1
PDEL,VB8,1
PDEL,VB9,1
PDEL,VD11,1
PDEL,VD12,1
PDEL,VD13,1
PDEL,VD2,1
PDEL,VD3,1
PDEL,VD5,1
PDEL,VD6,1
PDEL,VD7,1
PDEL,VD8,1
PDER,ADEL,1
PDER,ADER,1
PDER,ADLR,1
PDER,AFDR,1
PDER,AIAR,1
PDER,AIBL,1
PDER,AIBR,1
PDER,AIYR,1
PDER,AIZL,1
PDER,AIZR,1
PDER,ALML,1
PDER,ALMR,1
PDER,ALNR,1
PDER,AS1,1
PDER,AS10,1
PDER,AS11,1
PDER,AS2,1
PDER,AS3,1
PDER,AS4,1
PDER,AS7,1
PDER,ASEL,1
PDER,ASER,1
PDER,ASGL,1
PDER,ASGR,1
PDER,ASHL,1
PDER,ASHR,1
PDER,ASIR,1
PDER,ASKR,1
PDER,AUAR,1
PDER,AVFL,1
PDER,AVFR,1
PDER,AVJR,1
PDER,AVKL,1
PDER,AVL,1
PDER,AVM,1
PDER,AWBR,1
PDER,AWCR,1
PDER,CANR,1
PDER,CEPDL,1
PDER,CEPDR,1
PDER,CEPVL,1
PDER,DA4,1
PDER,DA5,1
PDER,DA7,1
PDER,DA9,1
PDER,DB2,1
PDER,DB3,1
PDER,DB4,1
PDER,DB5,1
PDER,DB6,1
PDER,DB7,1
PDER,DD2,1
PDER,DD3,1
PDER,DD4,1
PDER,DD5,1
PDER,DD6,1
PDER,DVA,1
PDER,FLPL,1
PDER,FLPR,1
PDER,HSNL,1
PDER,I1L,1
PDER,I1R,1
PDER,I2L,1
PDER,I2R,1
PDER,I6,1
PDER,IL1R,1
PDER,IL2DL,1
PDER,IL2R,1
PDER,IL2VL,1
PDER,IL2VR,1
PDER,M1,1
PDER,M2L,1
PDER,M2R,1
PDER,M5,1
PDER,MCR,1
PDER,NSML,1
PDER,OLLL,1
PDER,OLQDL,1
PDER,PDA,1
PDER,PDEL,1
PDER,PHAL,1
PDER,PHBR,1
PDER,PHCL,1
PDER,PLML,1
PDER,PLMR,1
PDER,PLNR,1
PDER,PQR,1
PDER,PVCL,1
PDER,PVCR,1
PDER,PVDR,1
PDER,PVM,1
PDER,PVQL,1
PDER,PVQR,1
PDER,PVT,1
PDER,RIAL,1
PDER,RIAR,1
PDER,RIBL,1
PDER,RIBR,1
PDER,RICL,1
PDER,RICR,1
PDER,RID,1
PDER,RIML,1
PDER,RIMR,1
PDER,RMDDL,1
PDER,RMDDR,1
PDER,RMDL,1
PDER,RMDVL,1
PDER,RMEL,1
PDER,RMER,1
PDER,RMEV,1
PDER,RMFR,1
PDER,RMHL,1
PDER,SABVL,1
PDER,SABVR,1
PDER,SDQL,1
PDER,SDQR,1
PDER,SIADR,1
PDER,SIAVR,1
PDER,SIBDR,1
PDER,SIBVL,1
PDER,SIBVR,1
PDER,SMDDL,1
PDER,SMDDR,1
PDER,URYVL,1
PDER,URYVR,1
PDER,VA10,1
PDER,VA11,1
PDER,VA2,1
PDER,VA4,1
PDER,VA6,1
PDER,VA8,1
PDER,VA9,1
PDER,VB1,1
PDER,VB11,1
PDER,VB2,1
PDER,VB3,1
PDER,VB6,1
PDER,VB7,1
PDER,VB9,1
PDER,VD1,1
PDER,VD10,1
PDER,VD11,1
PDER,VD12,1
PDER,VD13,1
PDER,VD2,1
PDER,VD3,1
PDER,VD4,1
PDER,VD5,1
PDER,VD6,1
PDER,VD7,1
PDER,VD8,1
PDER,VD9,1
PHAL,AVDR,1
PHAL,AVFL,1
PHAL,AVG,1
PHAL,AVHL,1
PHAL,AVHR,1
PHAL,DVA,1
PHAL,PHAR,1
PHAL,PHBL,1
PHAL,PHBR,1
PHAL,PVQL,1
PHAR,AVG,1
PHAR,AVHR,1
PHAR,DA8,1
PHAR,DVA,1
PHAR,PHAL,1
PHAR,PHBL,1
PHAR,PHBR,1
PHAR,PVPL,1
PHAR,PVQL,1
PHBL,AVAL,1
PHBL,AVAR,1
PHBL,AVDL,1
PHBL,PHBR,1
PHBL,PVCL,1
PHBL,VA12,1
PHBR,AVAL,1
PHBR,AVAR,1
PHBR,AVDL,1
PHBR,AVDR,1
PHBR,AVFL,1
PHBR,AVHL,1
PHBR,DA8,1
PHBR,PHBL,1
PHBR,PVCL,1
PHBR,PVCR,1
PHBR,VA12,1
PHCL,AVAL,1
PHCL,DA9,1
PHCL,DVA,1
PHCL,LUAL,1
PHCL,PHCR,1
PHCL,PLML,1
PHCL,PVCL,1
PHCL,VA12,1
PHCR,AVHR,1
PHCR,DA9,1
PHCR,DVA,1
PHCR,LUAR,1
PHCR,PHCL,1
PHCR,PVCR,1
PHCR,VA12,1
PLML,HSNL,1
PLML,LUAL,1
PLML,PHCL,1
PLML,PVCL,1
PLMR,AS6,1
PLMR,AVAL,1
PLMR,AVAR,1
PLMR,AVDL,1
PLMR,AVDR,1
PLMR,DVA,1
PLMR,HSNR,1
PLMR,LUAR,1
PLMR,PDEL,1
PLMR,PDER,1
PLMR,PVCL,1
PLMR,PVCR,1
PLMR,PVR,1
PLNL,SAADL,1
PLNL,SMBVL,1
PLNR,SAADR,1
PLNR,SMBVR,1
PQR,AVAL,1
PQR,AVAR,1
PQR,AVDL,1
PQR,AVDR,1
PQR,AVG,1
PQR,LUAR,1
PQR,PVNL,1
PQR,PVPL,1
PVCL,AS1,1
PVCL,AVAL,1
PVCL,AVAR,1
PVCL,AVBL,1
PVCL,AVBR,1
PVCL,AVDL,1
PVCL,AVDR,1
PVCL,AVEL,1
PVCL,AVER,1
PVCL,AVJL,1
PVCL,AVJR,1
PVCL,DA2,1
PVCL,DA5,1
PVCL,DA6,1
PVCL,DB2,1
PVCL,DB3,1
PVCL,DB4,1
PVCL,DB5,1
PVCL,DB6,1
PVCL,DB7,1
PVCL,DVA,1
PVCL,PLML,1
PVCL,PVCR,1
PVCL,RID,1
PVCL,RIS,1
PVCL,SIBVL,1
PVCL,VB10,1
PVCL,VB11,1
PVCL,VB3,1
PVCL,VB4,1
PVCL,VB5,1
PVCL,VB6,1
PVCL,VB8,1
PVCL,VB9,1
PVCR,AQR,1
PVCR,AS2,1
PVCR,AVAL,1
PVCR,AVAR,1
PVCR,AVBL,1
PVCR,AVBR,1
PVCR,AVDL,1
PVCR,AVDR,1
PVCR,AVEL,1
PVCR,AVER,1
PVCR,AVJL,1
PVCR,AVL,1
PVCR,DA9,1
PVCR,DB2,1
PVCR,DB3,1
PVCR,DB4,1
PVCR,DB5,1
PVCR,DB6,1
PVCR,DB7,1
PVCR,FLPL,1
PVCR,LUAR,1
PVCR,PDEL,1
PVCR,PHCR,1
PVCR,PLMR,1
PVCR,PVCL,1
PVCR,PVDL,1
PVCR,PVR,1
PVCR,PVWL,1
PVCR,PVWR,1
PVCR,RID,1
PVCR,SIBVR,1
PVCR,VA8,1
PVCR,VA9,1
PVCR,VB10,1
PVCR,VB4,1
PVCR,VB6,1
PVCR,VB7,1
PVCR,VB8,1
PVDL,AVAL,1
PVDL,AVAR,1
PVDL,DD5,1
PVDL,PVCL,1
PVDL,PVCR,1
PVDL,VD10,1
PVDR,AVAL,1
PVDR,AVAR,1
PVDR,DVA,1
PVDR,PVCL,1
PVDR,PVCR,1
PVDR,PVDL,1
PVDR,VA9,1
PVM,AVKL,1
PVM,AVL,1
PVM,AVM,1
PVM,DVA,1
PVM,PDEL,1
PVM,PDER,1
PVM,PVCL,1
PVM,PVR,1
PVNL,AVAL,1
PVNL,AVBR,1
PVNL,AVDL,1
PVNL,AVDR,1
PVNL,AVEL,1
PVNL,AVFR,1
PVNL,AVG,1
PVNL,AVJL,1
PVNL,AVJR,1
PVNL,AVL,1
PVNL,BDUL,1
PVNL,BDUR,1
PVNL,DD1,1
PVNL,PQR,1
PVNL,PVCL,1
PVNL,PVNR,1
PVNL,PVQR,1
PVNL,PVT,1
PVNL,PVWL,1
PVNL,RIFL,1
PVNR,AVAL,1
PVNR,AVBL,1
PVNR,AVBR,1
PVNR,AVDR,1
PVNR,AVEL,1
PVNR,AVJL,1
PVNR,AVJR,1
PVNR,AVL,1
PVNR,BDUL,1
PVNR,BDUR,1
PVNR,DD3,1
PVNR,HSNR,1
PVNR,PQR,1
PVNR,PVCL,1
PVNR,PVNL,1
PVNR,PVT,1
PVNR,PVWL,1
PVNR,VC2,1
PVNR,VC3,1
PVNR,VD12,1
PVNR,VD6,1
PVNR,VD7,1
PVPL,ADAL,1
PVPL,AQR,1
PVPL,AVAL,1
PVPL,AVAR,1
PVPL,AVBL,1
PVPL,AVBR,1
PVPL,AVDR,1
PVPL,AVER,1
PVPL,AVHR,1
PVPL,AVKL,1
PVPL,AVKR,1
PVPL,DVC,1
PVPL,PHAR,1
PVPL,PQR,1
PVPL,PVCR,1
PVPL,PVPR,1
PVPL,PVT,1
PVPL,RIGL,1
PVPL,VD13,1
PVPL,VD3,1
PVPR,ADFR,1
PVPR,AQR,1
PVPR,ASHR,1
PVPR,AVAL,1
PVPR,AVAR,1
PVPR,AVBL,1
PVPR,AVBR,1
PVPR,AVHL,1
PVPR,AVKL,1
PVPR,AVL,1
PVPR,DD2,1
PVPR,DVC,1
PVPR,PVCL,1
PVPR,PVCR,1
PVPR,PVPL,1
PVPR,PVQR,1
PVPR,RIAR,1
PVPR,RIGR,1
PVPR,RIMR,1
PVPR,RMGR,1
PVPR,VD4,1
PVPR,VD5,1
PVQL,ADAL,1
PVQL,AIAL,1
PVQL,ASJL,1
PVQL,ASKL,1
PVQL,HSNL,1
PVQL,PVQR,1
PVQL,RMGL,1
PVQR,ADAR,1
PVQR,AIAR,1
PVQR,ASER,1
PVQR,ASKR,1
PVQR,AVBL,1
PVQR,AVFL,1
PVQR,AVFR,1
PVQR,AVL,1
PVQR,AWAR,1
PVQR,DD1,1
PVQR,DVC,1
PVQR,HSNR,1
PVQR,PVNL,1
PVQR,PVQL,1
PVQR,PVT,1
PVQR,RIFR,1
PVQR,VD1,1
PVR,ADAL,1
PVR,ALML,1
PVR,AS6,1
PVR,AVBL,1
PVR,AVBR,1
PVR,AVJL,1
PVR,AVJR,1
PVR,AVKL,1
PVR,DA9,1
PVR,DB2,1
PVR,DB3,1
PVR,DVA,1
PVR,IL1DL,1
PVR,IL1DR,1
PVR,IL1VL,1
PVR,IL1VR,1
PVR,LUAL,1
PVR,LUAR,1
PVR,PDEL,1
PVR,PDER,1
PVR,PLMR,1
PVR,PVCR,1
PVR,RIPL,1
PVR,RIPR,1
PVR,SABD,1
PVR,URADL,1
PVT,AIBL,1
PVT,AIBR,1
PVT,AVKL,1
PVT,AVKR,1
PVT,AVL,1
PVT,DVC,1
PVT,PVPL,1
PVT,RIBL,1
PVT,RIBR,1
PVT,RIGL,1
PVT,RIGR,1
PVT,RIH,1
PVT,RMEV,1
PVT,RMFL,1
PVT,RMFR,1
PVT,SMBDR,1
PVWL,AVJL,1
PVWL,PVCR,1
PVWL,PVT,1
PVWL,PVWR,1
PVWL,VA12,1
PVWR,AVAR,1
PVWR,AVDR,1
PVWR,PVCR,1
PVWR,PVT,1
PVWR,VA12,1
RIAL,CEPVL,1
RIAL,RIAR,1
RIAL,RIVL,1
RIAL,RIVR,1
RIAL,RMDDL,1
RIAL,RMDDR,1
RIAL,RMDL,1
RIAL,RMDR,1
RIAL,RMDVL,1
RIAL,RMDVR,1
RIAL,SIADL,1
RIAL,SMDDL,1
RIAL,SMDDR,1
RIAL,SMDVL,1
RIAL,SMDVR,1
RIAR,CEPVR,1
RIAR,IL1R,1
RIAR,RIAL,1
RIAR,RIVL,1
RIAR,RMDDL,1
RIAR,RMDDR,1
RIAR,RMDL,1
RIAR,RMDR,1
RIAR,RMDVL,1
RIAR,RMDVR,1
RIAR,SAADR,1
RIAR,SIADL,1
RIAR,SIADR,1
RIAR,SIAVL,1
RIAR,SMDDL,1
RIAR,SMDDR,1
RIAR,SMDVL,1
RIAR,SMDVR,1
RIBL,AIBR,1
RIBL,AUAL,1
RIBL,AVAL,1
RIBL,AVBL,1
RIBL,AVBR,1
RIBL,AVDR,1
RIBL,AVEL,1
RIBL,AVER,1
RIBL,BAGR,1
RIBL,OLQDL,1
RIBL,OLQVL,1
RIBL,PVT,1
RIBL,RIAL,1
RIBL,RIBL,1
RIBL,RIBR,1
RIBL,RIGL,1
RIBL,SIADL,1
RIBL,SIAVL,1
RIBL,SIBDL,1
RIBL,SIBVL,1
RIBL,SIBVR,1
RIBL,SMBDL,1
RIBL,SMDDL,1
RIBL,SMDVR,1
RIBR,AIBL,1
RIBR,AIZR,1
RIBR,AVAR,1
RIBR,AVBL,1
RIBR,AVBR,1
RIBR,AVEL,1
RIBR,AVER,1
RIBR,BAGL,1
RIBR,OLQDR,1
RIBR,OLQVR,1
RIBR,PVT,1
RIBR,RIAR,1
RIBR,RIBL,1
RIBR,RIBR,1
RIBR,RIGR,1
RIBR,RIH,1
RIBR,SIADR,1
RIBR,SIAVR,1
RIBR,SIBDR,1
RIBR,SIBVR,1
RIBR,SMBDR,1
RIBR,SMDDL,1
RIBR,SMDDR,1
RIBR,SMDVL,1
RICL,ADAR,1
RICL,AFDL,1
RICL,AIZR,1
RICL,ALNL,1
RICL,ASGR,1
RICL,ASHL,1
RICL,ASIR,1
RICL,AVAL,1
RICL,AVAR,1
RICL,AVKL,1
RICL,AVKR,1
RICL,AVM,1
RICL,AWBR,1
RICL,AWCR,1
RICL,CANL,1
RICL,CANR,1
RICL,DA2,1
RICL,DVA,1
RICL,I3,1
RICL,OLQDL,1
RICL,PHAR,1
RICL,PLML,1
RICL,PVDR,1
RICL,PVQR,1
RICL,RIBL,1
RICL,RICR,1
RICL,RIML,1
RICL,RIMR,1
RICL,RIVR,1
RICL,RMDR,1
RICL,RMFR,1
RICL,SABVL,1
RICL,SIBDR,1
RICL,SIBVL,1
RICL,SMBDL,1
RICL,SMDDL,1
RICL,SMDDR,1
RICL,SMDVR,1
RICL,URYVR,1
RICL,VA2,1
RICL,VD4,1
RICL,VD8,1
RICR,ADAR,1
RICR,AIAR,1
RICR,AIBL,1
RICR,AIML,1
RICR,AIZL,1
RICR,AS4,1
RICR,ASHR,1
RICR,AVAL,1
RICR,AVAR,1
RICR,AVKL,1
RICR,AWCR,1
RICR,CANR,1
RICR,DB2,1
RICR,DD1,1
RICR,DD3,1
RICR,DD6,1
RICR,IL2DL,1
RICR,M2R,1
RICR,M3R,1
RICR,M5,1
RICR,NSML,1
RICR,OLQDL,1
RICR,PLML,1
RICR,RICL,1
RICR,RIML,1
RICR,RMHR,1
RICR,SABVR,1
RICR,SIBVR,1
RICR,SMBDR,1
RICR,SMDDL,1
RICR,SMDDR,1
RICR,SMDVL,1
RICR,SMDVR,1
RICR,URYDR,1
RICR,VA11,1
RICR,VB11,1
RICR,VB3,1
RICR,VD7,1
RID,ALA,1
RID,AS2,1
RID,AVBL,1
RID,AVBR,1
RID,DA6,1
RID,DA9,1
RID,DB1,1
RID,DD1,1
RID,DD2,1
RID,DD3,1
RID,PDB,1
RID,VD13,1
RID,VD5,1
RIFL,ALML,1
RIFL,AVBL,1
RIFL,AVBR,1
RIFL,AVG,1
RIFL,AVHR,1
RIFL,AVJR,1
RIFL,PVPL,1
RIFL,RIML,1
RIFL,VD1,1
RIFR,ASHR,1
RIFR,AVBL,1
RIFR,AVBR,1
RIFR,AVFL,1
RIFR,AVG,1
RIFR,AVHL,1
RIFR,AVJL,1
RIFR,AVJR,1
RIFR,HSNR,1
RIFR,PVCL,1
RIFR,PVCR,1
RIFR,PVPR,1
RIFR,RIMR,1
RIFR,RIPR,1
RIGL,AIBR,1
RIGL,AIZR,1
RIGL,ALNL,1
RIGL,AQR,1
RIGL,AVEL,1
RIGL,AVER,1
RIGL,AVKL,1
RIGL,AVKR,1
RIGL,BAGR,1
RIGL,DVC,1
RIGL,OLLL,1
RIGL,OLQDL,1
RIGL,OLQVL,1
RIGL,RIBL,1
RIGL,RIGR,1
RIGL,RIR,1
RIGL,RMEL,1
RIGL,RMFL,1
RIGL,RMHR,1
RIGL,URYDL,1
RIGL,URYVL,1
RIGL,VB2,1
RIGL,VD1,1
RIGR,AIBL,1
RIGR,ALNR,1
RIGR,AQR,1
RIGR,AVER,1
RIGR,AVKL,1
RIGR,AVKR,1
RIGR,BAGL,1
RIGR,OLLR,1
RIGR,OLQDR,1
RIGR,OLQVR,1
RIGR,RIBR,1
RIGR,RIGL,1
RIGR,RIR,1
RIGR,RMHL,1
RIGR,URYDR,1
RIGR,URYVR,1
RIH,ADFR,1
RIH,AIZL,1
RIH,AIZR,1
RIH,AUAR,1
RIH,BAGR,1
RIH,CEPDL,1
RIH,CEPDR,1
RIH,CEPVL,1
RIH,CEPVR,1
RIH,FLPL,1
RIH,IL2L,1
RIH,IL2R,1
RIH,OLQDL,1
RIH,OLQDR,1
RIH,OLQVL,1
RIH,OLQVR,1
RIH,RIAL,1
RIH,RIAR,1
RIH,RIBL,1
RIH,RIBR,1
RIH,RIPL,1
RIH,RIPR,1
RIH,RMER,1
RIH,RMEV,1
RIH,URYVR,1
RIML,ADER,1
RIML,ADLR,1
RIML,AFDR,1
RIML,AIAL,1
RIML,AIBR,1
RIML,AIMR,1
RIML,AIYL,1
RIML,AIYR,1
RIML,AIZL,1
RIML,ALML,1
RIML,AS1,1
RIML,AS2,1
RIML,AS6,1
RIML,AS7,1
RIML,ASER,1
RIML,ASGL,1
RIML,ASGR,1
RIML,ASIR,1
RIML,ASKR,1
RIML,AUAR,1
RIML,AVAL,1
RIML,AVAR,1
RIML,AVBL,1
RIML,AVBR,1
RIML,AVEL,1
RIML,AVER,1
RIML,AVFL,1
RIML,AVL,1
RIML,AVM,1
RIML,AWBL,1
RIML,BAGL,1
RIML,CANL,1
RIML,CEPDR,1
RIML,CEPVL,1
RIML,DA1,1
RIML,DA2,1
RIML,DA3,1
RIML,DA4,1
RIML,DA5,1
RIML,DA6,1
RIML,DA8,1
RIML,DA9,1
RIML,DB3,1
RIML,DB4,1
RIML,DB7,1
RIML,DD1,1
RIML,DD2,1
RIML,DD3,1
RIML,DD4,1
RIML,DD5,1
RIML,DVA,1
RIML,DVC,1
RIML,HSNR,1
RIML,I1L,1
RIML,I1R,1
RIML,I2L,1
RIML,IL1DL,1
RIML,IL1L,1
RIML,IL2DL,1
RIML,IL2DR,1
RIML,IL2L,1
RIML,IL2VL,1
RIML,M1,1
RIML,M5,1
RIML,MCR,1
RIML,NSML,1
RIML,NSMR,1
RIML,PDA,1
RIML,PDEL,1
RIML,PDER,1
RIML,PHCL,1
RIML,PLMR,1
RIML,PVCL,1
RIML,PVDR,1
RIML,PVQL,1
RIML,PVQR,1
RIML,PVT,1
RIML,RIAL,1
RIML,RIAR,1
RIML,RIBL,1
RIML,RIBR,1
RIML,RICL,1
RIML,RID,1
RIML,RIMR,1
RIML,RIS,1
RIML,RMDDL,1
RIML,RMDDR,1
RIML,RMDL,1
RIML,RMDR,1
RIML,RMDVL,1
RIML,RMEV,1
RIML,RMFL,1
RIML,RMFR,1
RIML,RMHR,1
RIML,SAADR,1
RIML,SAAVL,1
RIML,SAAVR,1
RIML,SABD,1
RIML,SABVL,1
RIML,SABVR,1
RIML,SIADL,1
RIML,SIADR,1
RIML,SIAVR,1
RIML,SIBDL,1
RIML,SIBDR,1
RIML,SIBVR,1
RIML,SMDDR,1
RIML,SMDVL,1
RIML,URYDL,1
RIML,URYDR,1
RIML,URYVR,1
RIML,VA10,1
RIML,VA11,1
RIML,VA12,1
RIML,VA2,1
RIML,VA3,1
RIML,VA4,1
RIML,VA9,1
RIML,VB1,1
RIML,VB11,1
RIML,VB5,1
RIML,VB6,1
RIML,VB9,1
RIML,VD11,1
RIML,VD12,1
RIML,VD13,1
RIML,VD4,1
RIML,VD6,1
RIML,VD7,1
RIML,VD8,1
RIMR,ADAR,1
RIMR,ADEL,1
RIMR,ADLL,1
RIMR,AIAL,1
RIMR,AIBL,1
RIMR,AIBR,1
RIMR,AIML,1
RIMR,AIMR,1
RIMR,AIYL,1
RIMR,AIYR,1
RIMR,ALML,1
RIMR,ALNR,1
RIMR,AS1,1
RIMR,AS11,1
RIMR,AS2,1
RIMR,AS4,1
RIMR,AS5,1
RIMR,AS8,1
RIMR,AS9,1
RIMR,ASEL,1
RIMR,ASHR,1
RIMR,ASKR,1
RIMR,AUAL,1
RIMR,AVAL,1
RIMR,AVAR,1
RIMR,AVBL,1
RIMR,AVBR,1
RIMR,AVEL,1
RIMR,AVER,1
RIMR,AVFL,1
RIMR,AVFR,1
RIMR,AVJL,1
RIMR,AVJR,1
RIMR,AVKL,1
RIMR,AVL,1
RIMR,AWBL,1
RIMR,AWBR,1
RIMR,CANR,1
RIMR,CEPVR,1
RIMR,DA1,1
RIMR,DA3,1
RIMR,DA4,1
RIMR,DA5,1
RIMR,DA6,1
RIMR,DA9,1
RIMR,DB3,1
RIMR,DB4,1
RIMR,DB6,1
RIMR,DB7,1
RIMR,DD1,1
RIMR,DD2,1
RIMR,DD3,1
RIMR,DD6,1
RIMR,DVC,1
RIMR,FLPR,1
RIMR,I1L,1
RIMR,I1R,1
RIMR,I2L,1
RIMR,I2R,1
RIMR,I6,1
RIMR,IL2DL,1
RIMR,IL2L,1
RIMR,IL2VR,1
RIMR,LUAR,1
RIMR,M1,1
RIMR,M2L,1
RIMR,M3L,1
RIMR,M4,1
RIMR,MCL,1
RIMR,NSML,1
RIMR,PDA,1
RIMR,PDEL,1
RIMR,PDER,1
RIMR,PHCL,1
RIMR,PHCR,1
RIMR,PLMR,1
RIMR,PLNL,1
RIMR,PLNR,1
RIMR,PVCL,1
RIMR,PVDR,1
RIMR,PVQL,1
RIMR,PVQR,1
RIMR,PVT,1
RIMR,RIAL,1
RIMR,RIAR,1
RIMR,RIBL,1
RIMR,RIBR,1
RIMR,RICR,1
RIMR,RID,1
RIMR,RIS,1
RIMR,RMDDL,1
RIMR,RMDL,1
RIMR,RMDR,1
RIMR,RMDVL,1
RIMR,RMDVR,1
RIMR,RMER,1
RIMR,RMFL,1
RIMR,RMFR,1
RIMR,RMHR,1
RIMR,SAAVL,1
RIMR,SAAVR,1
RIMR,SABVL,1
RIMR,SABVR,1
RIMR,SDQR,1
RIMR,SIADL,1
RIMR,SIAVL,1
RIMR,SIBVL,1
RIMR,SMDDL,1
RIMR,SMDDR,1
RIMR,URYDL,1
RIMR,URYDR,1
RIMR,VA1,1
RIMR,VA11,1
RIMR,VA12,1
RIMR,VA2,1
RIMR,VA3,1
RIMR,VA4,1
RIMR,VA5,1
RIMR,VA6,1
RIMR,VA7,1
RIMR,VA8,1
RIMR,VA9,1
RIMR,VB1,1
RIMR,VB4,1
RIMR,VB6,1
RIMR,VB8,1
RIMR,VD1,1
RIMR,VD11,1
RIMR,VD12,1
RIMR,VD2,1
RIMR,VD6,1
RIMR,VD8,1
RIPL,I1L,1
RIPL,I1R,1
RIPL,OLQDL,1
RIPL,OLQDR,1
RIPL,RMED,1
RIPR,I1L,1
RIPR,I1R,1
RIPR,OLQDL,1
RIPR,OLQDR,1
RIPR,RMED,1
RIR,AFDR,1
RIR,AIZL,1
RIR,AIZR,1
RIR,AUAL,1
RIR,AWBR,1
RIR,BAGL,1
RIR,BAGR,1
RIR,DVA,1
RIR,HSNL,1
RIR,PVPL,1
RIR,RIAL,1
RIR,RIAR,1
RIR,RIGL,1
RIR,URXL,1
RIR,URXR,1
RIS,AIBR,1
RIS,AVEL,1
RIS,AVER,1
RIS,AVJL,1
RIS,AVKL,1
RIS,AVKR,1
RIS,AVL,1
RIS,CEPDR,1
RIS,CEPVL,1
RIS,CEPVR,1
RIS,DB1,1
RIS,OLLR,1
RIS,RIBL,1
RIS,RIBR,1
RIS,RIML,1
RIS,RIMR,1
RIS,RMDDL,1
RIS,RMDL,1
RIS,RMDR,1
RIS,SMDDL,1
RIS,SMDDR,1
RIS,SMDVL,1
RIS,SMDVR,1
RIS,URYVR,1
RIVL,AIBL,1
RIVL,RIAL,1
RIVL,RIAR,1
RIVL,RIVR,1
RIVL,RMDL,1
RIVL,SAADR,1
RIVL,SDQR,1
RIVL,SIAVR,1
RIVL,SMDDR,1
RIVL,SMDVL,1
RIVR,AIBR,1
RIVR,RIAL,1
RIVR,RIAR,1
RIVR,RIVL,1
RIVR,RMDDL,1
RIVR,RMDR,1
RIVR,RMDVR,1
RIVR,RMEV,1
RIVR,SAADL,1
RIVR,SDQR,1
RIVR,SIAVL,1
RIVR,SMDDL,1
RIVR,SMDVR,1
RMDDL,OLQVL,1
RMDDL,RMDL,1
RMDDL,RMDVL,1
RMDDL,RMDVR,1
RMDDL,SMDDL,1
RMDDR,OLQVR,1
RMDDR,RMDVL,1
RMDDR,RMDVR,1
RMDDR,SAADR,1
RMDDR,SMDDR,1
RMDDR,URYDL,1
RMDL,OLLR,1
RMDL,RIAL,1
RMDL,RIAR,1
RMDL,RMDDL,1
RMDL,RMDDR,1
RMDL,RMDR,1
RMDL,RMDVL,1
RMDL,RMER,1
RMDL,RMFL,1
RMDR,AVKL,1
RMDR,RIAL,1
RMDR,RIAR,1
RMDR,RIMR,1
RMDR,RIS,1
RMDR,RMDDL,1
RMDR,RMDL,1
RMDR,RMDVR,1
RMDVL,AVER,1
RMDVL,OLQDL,1
RMDVL,RMDDL,1
RMDVL,RMDDR,1
RMDVL,RMDL,1
RMDVL,RMDVR,1
RMDVL,SAAVL,1
RMDVL,SMDVL,1
RMDVR,AVEL,1
RMDVR,AVER,1
RMDVR,OLQDR,1
RMDVR,RMDDL,1
RMDVR,RMDDR,1
RMDVR,RMDR,1
RMDVR,RMDVL,1
RMDVR,SAAVR,1
RMDVR,SIBDR,1
RMDVR,SIBVR,1
RMDVR,SMDVR,1
RMED,IL1VL,1
RMED,RIBL,1
RMED,RIBR,1
RMED,RIPL,1
RMED,RIPR,1
RMED,RMEV,1
RMEL,RIGL,1
RMEL,RMEV,1
RMER,RMEV,1
RMEV,AVEL,1
RMEV,AVER,1
RMEV,IL1DL,1
RMEV,IL1DR,1
RMEV,RMED,1
RMEV,RMEL,1
RMEV,RMER,1
RMEV,SMDDR,1
RMFL,AVKL,1
RMFL,AVKR,1
RMFL,PVT,1
RMFL,RIGR,1
RMFL,RMDR,1
RMFL,RMGR,1
RMFL,URBR,1
RMFR,AVKL,1
RMFR,AVKR,1
RMFR,RMDL,1
RMGL,ADAL,1
RMGL,ADLL,1
RMGL,AIBR,1
RMGL,ALML,1
RMGL,ALNL,1
RMGL,ASHL,1
RMGL,ASKL,1
RMGL,AVAL,1
RMGL,AVBR,1
RMGL,AVEL,1
RMGL,AWBL,1
RMGL,CEPDL,1
RMGL,IL2L,1
RMGL,RID,1
RMGL,RMDL,1
RMGL,RMDR,1
RMGL,RMDVL,1
RMGL,RMHL,1
RMGL,RMHR,1
RMGL,SIAVL,1
RMGL,SIBVL,1
RMGL,SIBVR,1
RMGL,SMBVL,1
RMGL,URXL,1
RMGR,ADAR,1
RMGR,AIMR,1
RMGR,ALNR,1
RMGR,ASHR,1
RMGR,ASKR,1
RMGR,AVAR,1
RMGR,AVBR,1
RMGR,AVDL,1
RMGR,AVER,1
RMGR,AVJL,1
RMGR,AWBR,1
RMGR,IL2R,1
RMGR,RIR,1
RMGR,RMDL,1
RMGR,RMDR,1
RMGR,RMDVR,1
RMGR,RMHR,1
RMGR,URXR,1
RMHL,RMDR,1
RMHL,RMGL,1
RMHL,SIBVR,1
RMHR,RMER,1
RMHR,RMGL,1
RMHR,RMGR,1
SAADL,AIBL,1
SAADL,AVAL,1
SAADL,RIML,1
SAADL,RIMR,1
SAADL,RMGR,1
SAADL,SMBDL,1
SAADR,AIBR,1
SAADR,AVAR,1
SAADR,OLLL,1
SAADR,RIML,1
SAADR,RIMR,1
SAADR,RMDDR,1
SAADR,RMFL,1
SAADR,RMGL,1
SAAVL,AIBL,1
SAAVL,ALNL,1
SAAVL,AVAL,1
SAAVL,OLLR,1
SAAVL,RIML,1
SAAVL,RIMR,1
SAAVL,RMDVL,1
SAAVL,RMFR,1
SAAVL,SMBVR,1
SAAVL,SMDDR,1
SAAVR,AVAR,1
SAAVR,RIML,1
SAAVR,RIMR,1
SAAVR,RMDVR,1
SAAVR,SMBVL,1
SAAVR,SMDDL,1
SABD,AVAL,1
SABD,VA2,1
SABD,VA3,1
SABD,VA4,1
SABVL,AVAR,1
SABVL,DA1,1
SABVL,DA2,1
SABVR,AVAL,1
SABVR,AVAR,1
SABVR,DA1,1
SDQL,AIBR,1
SDQL,ALML,1
SDQL,AVAL,1
SDQL,AVAR,1
SDQL,AVEL,1
SDQL,FLPL,1
SDQL,RICR,1
SDQL,RIS,1
SDQL,RMFL,1
SDQL,SDQR,1
SDQR,ADLL,1
SDQR,AIBL,1
SDQR,AVAL,1
SDQR,AVBL,1
SDQR,AVBR,1
SDQR,DVA,1
SDQR,RICR,1
SDQR,RIVL,1
SDQR,RIVR,1
SDQR,RMHL,1
SDQR,RMHR,1
SDQR,SDQL,1
SDQR,SIBVL,1
SIADL,RIBL,1
SIADR,RIBR,1
SIAVL,RIBL,1
SIAVR,RIBR,1
SIBDL,RIBL,1
SIBDL,SIBVL,1
SIBDR,AIML,1
SIBDR,RIBR,1
SIBDR,SIBVR,1
SIBVL,AVBL,1
SIBVL,AVBR,1
SIBVL,RIBL,1
SIBVL,SDQR,1
SIBVL,SIBDL,1
SIBVR,RIBL,1
SIBVR,RIBR,1
SIBVR,RMHL,1
SIBVR,SIBDR,1
SMBDL,AVAR,1
SMBDL,AVKL,1
SMBDL,AVKR,1
SMBDL,RIBL,1
SMBDL,RMED,1
SMBDL,SAADL,1
SMBDL,SAAVR,1
SMBDR,ALNL,1
SMBDR,AVAL,1
SMBDR,AVKL,1
SMBDR,AVKR,1
SMBDR,RIBR,1
SMBDR,RMED,1
SMBDR,SAAVL,1
SMBVL,PLNL,1
SMBVL,RMEV,1
SMBVL,SAADL,1
SMBVL,SAAVR,1
SMBVR,AVKL,1
SMBVR,AVKR,1
SMBVR,RMEV,1
SMBVR,SAADR,1
SMBVR,SAAVL,1
SMDDL,RIAL,1
SMDDL,RIAR,1
SMDDL,RIBL,1
SMDDL,RIBR,1
SMDDL,RIS,1
SMDDL,RMDDL,1
SMDDL,SMDVR,1
SMDDR,RIAL,1
SMDDR,RIAR,1
SMDDR,RIBR,1
SMDDR,RIS,1
SMDDR,RMDDR,1
SMDDR,VD1,1
SMDVL,PVR,1
SMDVL,RIAL,1
SMDVL,RIAR,1
SMDVL,RIBR,1
SMDVL,RIS,1
SMDVL,RIVL,1
SMDVL,RMDDR,1
SMDVL,RMDVL,1
SMDVL,SMDDR,1
SMDVL,SMDVR,1
SMDVR,RIAL,1
SMDVR,RIAR,1
SMDVR,RIBL,1
SMDVR,RIVR,1
SMDVR,RMDDL,1
SMDVR,RMDVR,1
SMDVR,SMDDL,1
SMDVR,SMDVL,1
SMDVR,VB1,1
URADL,IL1DL,1
URADL,RIPL,1
URADL,RMEL,1
URADR,IL1DR,1
URADR,RIPR,1
URADR,RMDVR,1
URADR,RMED,1
URADR,RMER,1
URADR,URYDR,1
URAVL,RIPL,1
URAVL,RMEL,1
URAVL,RMER,1
URAVL,RMEV,1
URAVR,IL1R,1
URAVR,RIPR,1
URAVR,RMDVL,1
URAVR,RMER,1
URAVR,RMEV,1
URBL,AVBL,1
URBL,CEPDL,1
URBL,IL1L,1
URBL,OLQDL,1
URBL,OLQVL,1
URBL,RICR,1
URBL,RMDDR,1
URBL,SIAVL,1
URBL,SMBDR,1
URBL,URXL,1
URBR,ADAR,1
URBR,AVBR,1
URBR,CEPDR,1
URBR,IL1R,1
URBR,IL2R,1
URBR,OLQDR,1
URBR,OLQVR,1
URBR,RICR,1
URBR,RMDL,1
URBR,RMDR,1
URBR,RMFL,1
URBR,SIAVR,1
URBR,SMBDL,1
URBR,URXR,1
URXL,ASHL,1
URXL,AUAL,1
URXL,AVBL,1
URXL,AVEL,1
URXL,AVJR,1
URXL,RIAL,1
URXL,RICL,1
URXL,RIGL,1
URXL,RMGL,1
URXR,AUAR,1
URXR,AVBL,1
URXR,AVBR,1
URXR,AVER,1
URXR,IL2R,1
URXR,OLQVR,1
URXR,RIAR,1
URXR,RIGR,1
URXR,RIPR,1
URXR,RMDR,1
URXR,RMGR,1
URXR,SIAVR,1
URYDL,AVAL,1
URYDL,AVER,1
URYDL,RIBL,1
URYDL,RIGL,1
URYDL,RMDDR,1
URYDL,RMDVL,1
URYDL,SMDDL,1
URYDL,SMDDR,1
URYDR,AVAR,1
URYDR,AVEL,1
URYDR,AVER,1
URYDR,RIBR,1
URYDR,RIGR,1
URYDR,RMDDL,1
URYDR,RMDVR,1
URYDR,SMDDL,1
URYVL,AVAR,1
URYVL,AVBR,1
URYVL,AVER,1
URYVL,IL1VL,1
URYVL,RIAL,1
URYVL,RIBL,1
URYVL,RIGL,1
URYVL,RIH,1
URYVL,RIS,1
URYVL,RMDDL,1
URYVL,RMDVR,1
URYVL,SIBVR,1
URYVL,SMDVR,1
URYVR,AVAL,1
URYVR,AVEL,1
URYVR,IL1VR,1
URYVR,RIAR,1
URYVR,RIBR,1
URYVR,RIGR,1
URYVR,RMDDR,1
URYVR,RMDVL,1
URYVR,SIBDR,1
URYVR,SIBVL,1
URYVR,SMDVL,1
VA1,AVAL,1
VA1,DA2,1
VA1,DD1,1
VA1,VD1,1
VA10,AVAL,1
VA10,AVAR,1
VA11,AVAL,1
VA11,AVAR,1
VA11,DD6,1
VA11,PVNR,1
VA11,VB10,1
VA11,VD12,1
VA12,AS11,1
VA12,AVAR,1
VA12,DA8,1
VA12,DA9,1
VA12,DB7,1
VA12,DD6,1
VA12,LUAL,1
VA12,PHCL,1
VA12,PHCR,1
VA12,PVCL,1
VA12,PVCR,1
VA12,VA11,1
VA12,VB11,1
VA12,VD12,1
VA12,VD13,1
VA2,AVAL,1
VA2,DD1,1
VA2,SABD,1
VA2,VA3,1
VA2,VB1,1
VA2,VD1,1
VA2,VD2,1
VA3,AS1,1
VA3,AVAL,1
VA3,AVAR,1
VA3,DD1,1
VA3,DD2,1
VA3,SABD,1
VA3,VA4,1
VA3,VD2,1
VA3,VD3,1
VA4,AS2,1
VA4,AVAL,1
VA4,AVAR,1
VA4,AVDL,1
VA4,DA5,1
VA4,DD2,1
VA4,SABD,1
VA4,VB3,1
VA4,VD4,1
VA5,AS3,1
VA5,AVAL,1
VA5,AVAR,1
VA5,DA5,1
VA5,DD2,1
VA5,DD3,1
VA5,VD5,1
VA6,AVAL,1
VA6,AVAR,1
VA6,DD3,1
VA6,VB5,1
VA6,VD5,1
VA6,VD6,1
VA7,AS5,1
VA7,AVAL,1
VA7,AVAR,1
VA7,DD3,1
VA7,DD4,1
VA7,VB3,1
VA7,VD7,1
VA8,AS6,1
VA8,AVAL,1
VA8,AVAR,1
VA8,AVBR,1
VA8,DD4,1
VA8,PDER,1
VA8,PVCR,1
VA8,VA8,1
VA8,VA9,1
VA8,VB6,1
VA8,VB8,1
VA8,VB9,1
VA8,VD7,1
VA8,VD8,1
VA9,AVAL,1
VA9,AVBR,1
VA9,DD4,1
VA9,DD5,1
VA9,DVB,1
VA9,DVC,1
VA9,PVCR,1
VA9,PVT,1
VA9,VB8,1
VA9,VB9,1
VA9,VD7,1
VA9,VD9,1
VB1,AIBR,1
VB1,AVBL,1
VB1,AVKL,1
VB1,DB2,1
VB1,DD1,1
VB1,DVA,1
VB1,RIML,1
VB1,RMFL,1
VB1,SAADL,1
VB1,SAADR,1
VB1,SABD,1
VB1,SMDVR,1
VB1,VA1,1
VB1,VA3,1
VB1,VB2,1
VB1,VD1,1
VB1,VD2,1
VB10,AVBL,1
VB10,AVBR,1
VB10,AVKL,1
VB10,DD6,1
VB10,PVCL,1
VB10,PVT,1
VB10,VD11,1
VB10,VD12,1
VB11,AVBL,1
VB11,AVBR,1
VB11,DD6,1
VB11,PVCR,1
VB11,VA12,1
VB2,AVBL,1
VB2,AVBR,1
VB2,DB4,1
VB2,DD1,1
VB2,DD2,1
VB2,RIGL,1
VB2,VA2,1
VB2,VB1,1
VB2,VB3,1
VB2,VB5,1
VB2,VB7,1
VB2,VC2,1
VB2,VD2,1
VB2,VD3,1
VB3,AVBR,1
VB3,DB1,1
VB3,DD2,1
VB3,VA4,1
VB3,VA7,1
VB3,VB2,1
VB4,AVBL,1
VB4,AVBR,1
VB4,DB1,1
VB4,DB4,1
VB4,DD2,1
VB4,DD3,1
VB4,VB5,1
VB5,AVBL,1
VB5,DD3,1
VB5,VB2,1
VB5,VB4,1
VB5,VB6,1
VB5,VD6,1
VB6,AVBL,1
VB6,AVBR,1
VB6,DA4,1
VB6,DD4,1
VB6,VA8,1
VB6,VB5,1
VB6,VB7,1
VB6,VD6,1
VB6,VD7,1
VB7,AVBL,1
VB7,AVBR,1
VB7,DD4,1
VB7,VB2,1
VB8,AVBL,1
VB8,AVBR,1
VB8,DD5,1
VB8,VA8,1
VB8,VA9,1
VB8,VB9,1
VB8,VD10,1
VB8,VD9,1
VB9,AVAL,1
VB9,AVAR,1
VB9,AVBL,1
VB9,AVBR,1
VB9,DD5,1
VB9,DVB,1
VB9,PVCL,1
VB9,VA8,1
VB9,VA9,1
VB9,VB8,1
VB9,VD10,1
VC1,AVL,1
VC1,DD1,1
VC1,DD2,1
VC1,DD3,1
VC1,DVC,1
VC1,PVT,1
VC1,VC2,1
VC1,VC3,1
VC1,VD1,1
VC1,VD2,1
VC1,VD3,1
VC1,VD4,1
VC1,VD5,1
VC1,VD6,1
VC2,DB4,1
VC2,DD1,1
VC2,DD2,1
VC2,DD3,1
VC2,DVC,1
VC2,PVCR,1
VC2,PVQR,1
VC2,PVT,1
VC2,VC1,1
VC2,VC3,1
VC2,VD1,1
VC2,VD2,1
VC2,VD4,1
VC2,VD5,1
VC2,VD6,1
VC3,AVL,1
VC3,DD1,1
VC3,DD2,1
VC3,DD3,1
VC3,DD4,1
VC3,DVC,1
VC3,HSNR,1
VC3,PVNR,1
VC3,PVPR,1
VC3,PVQR,1
VC3,VC1,1
VC3,VC2,1
VC3,VC4,1
VC3,VC5,1
VC3,VD1,1
VC3,VD2,1
VC3,VD3,1
VC3,VD4,1
VC3,VD5,1
VC3,VD6,1
VC3,VD7,1
VC4,AVBL,1
VC4,AVFR,1
VC4,AVHR,1
VC4,VC1,1
VC4,VC3,1
VC4,VC5,1
VC5,AVFL,1
VC5,AVFR,1
VC5,DVC,1
VC5,HSNL,1
VC5,OLLR,1
VC5,PVT,1
VC5,URBL,1
VC5,VC3,1
VC5,VC4,1
VD1,DD1,1
VD1,DVC,1
VD1,RIFL,1
VD1,RIGL,1
VD1,SMDDR,1
VD1,VA1,1
VD1,VA2,1
VD1,VC1,1
VD1,VD2,1
VD10,AVBR,1
VD10,DD5,1
VD10,DVC,1
VD10,VB9,1
VD10,VD9,1
VD11,AVAR,1
VD11,VA11,1
VD11,VB10,1
VD12,VA11,1
VD12,VA12,1
VD12,VB10,1
VD12,VB11,1
VD13,AVAR,1
VD13,PVCL,1
VD13,PVCR,1
VD13,PVPL,1
VD13,VA12,1
VD2,AS1,1
VD2,DD1,1
VD2,VA2,1
VD2,VB2,1
VD2,VD1,1
VD2,VD3,1
VD3,PVPL,1
VD3,VA3,1
VD3,VB2,1
VD3,VD2,1
VD3,VD4,1
VD4,DD2,1
VD4,PVPR,1
VD4,VD3,1
VD4,VD5,1
VD5,AVAR,1
VD5,PVPR,1
VD5,VA5,1
VD5,VB4,1
VD5,VD4,1
VD5,VD6,1
VD6,AVAL,1
VD6,VA6,1
VD6,VB5,1
VD6,VD5,1
VD6,VD7,1
VD7,VA9,1
VD7,VD6,1
VD8,DD4,1
VD8,VA8,1
VD9,PDER,1
VD9,VD10,1
