ADAL,ADEL
ADAL,AIBR
ADAL,AUAR
ADAL,AVAR
ADAL,AVEL
ADAL,AVM
ADAL,CEPDR
ADAL,DA9
ADAL,DB1
ADAL,PDER
ADAL,PVCR
ADAL,RIAR
ADAL,RID
ADAL,RIGL
ADAL,RIGR
ADAL,RIH
ADAL,RIPL
ADAL,RIVR
ADAL,RMHR
ADAL,SABD
ADAL,SMBVR
ADAL,SMDVL
ADAL,URXL
ADAL,URYDR
ADAL,VB9
ADAR,ADEL
ADAR,AS11
ADAR,ASER
ADAR,AUAR
ADAR,AVAR
ADAR,AVHL
ADAR,AVL
ADAR,AVM
ADAR,AWBL
ADAR,DVA
ADAR,HSNL
ADAR,IL2R
ADAR,MCR
ADAR,PVCL
ADAR,RMGL
ADAR,SAADR
ADAR,SMBDR
ADAR,URADL
ADAR,URAVL
ADAR,URYVL
ADAR,VB2
ADAR,VC1
ADEL,AIBR
ADEL,ASHR
ADEL,ASIR
ADEL,AVDR
ADEL,AVHL
ADEL,AVHR
ADEL,AVL
ADEL,AVM
ADEL,DA2
ADEL,DA4
ADEL,HSNL
ADEL,MCR
ADEL,NSML
ADEL,PLMR
ADEL,PVCL
ADEL,PVPR
ADEL,RIBL
ADEL,RIFL
ADEL,RMDDL
ADEL,RMDL
ADEL,SAADR
ADEL,SMBVR
ADEL,SMDVR
ADEL,URBR
ADEL,URYDL
ADEL,VA11
ADEL,VD12
ADER,AIAR
ADER,AIBL
ADER,AS10
ADER,ASEL
ADER,ASER
ADER,AVAR
ADER,AVBR
ADER,AVEL
ADER,AVJL
ADER,AVJR
ADER,DD3
ADER,DD4
ADER,DVA
ADER,M3L
ADER,PVPR
ADER,PVT
ADER,RIBL
ADER,RID
ADER,RIGL
ADER,RIPL
ADER,RIS
ADER,SMBDL
ADER,URYDR
ADER,VD6
ADFL,AUAL
ADFL,AVBR
ADFL,CEPVL
ADFL,DA3
ADFL,IL1VR
ADFL,PVR
ADFL,RIBL
ADFL,RICL
ADFL,SDQL
ADFL,VD9
ADFR,ADLL
ADFR,AFDL
ADFR,AIAL
ADFR,AIMR
ADFR,AIZL
ADFR,ALML
ADFR,AS6
ADFR,AVAL
ADFR,AVDL
ADFR,AVER
ADFR,CEPDR
ADFR,DA5
ADFR,M2L
ADFR,PHCL
ADFR,PVCR
ADFR,RIS
ADFR,RMDDR
ADFR,VA9
ADLL,AIBL
ADLL,AS11
ADLL,AVAL
ADLL,AVBL
ADLL,AVBR
ADLL,AVEL
ADLL,AVJL
ADLL,AVL
ADLL,IL1L
ADLL,IL2L
ADLL,IL2VR
ADLL,M3L
ADLL,OLLL
ADLL,PVPL
ADLL,PVQR
ADLL,RIBR
ADLL,RIFL
ADLL,VB1
ADLL,VB4
ADLL,VD2
ADLR,AFDR
ADLR,AQR
ADLR,AUAR
ADLR,AVAR
ADLR,AVBR
ADLR,AVKR
ADLR,AWBR
ADLR,DA1
ADLR,DVA
ADLR,OLQVR
ADLR,PVNL
ADLR,RIR
ADLR,RMFL
ADLR,VA2
ADLR,VA4
ADLR,VB10
ADLR,VD5
AFDL,AIYR
AFDL,AVBR
AFDL,AVG
AFDL,BAGL
AFDL,PVT
AFDR,AIML
AFDR,AVAR
AFDR,AVDR
AFDR,AVG
AFDR,PVNR
AFDR,VB1
AFDR,VB2
AIAL,AIYL
AIAL,AS1
AIAL,ASGL
AIAL,ASIL
AIAL,ASIR
AIAL,ASKR
AIAL,AVAL
AIAL,AVDL
AIAL,DB2
AIAL,DVA
AIAL,PVNR
AIAL,RIAL
AIAL,RIBL
AIAL,RIBR
AIAL,RIPR
AIAL,RIVR
AIAL,RMDDL
AIAL,RMGR
AIAL,SAAVL
AIAL,VA9
AIAR,AIBL
AIAR,AQR
AIAR,AVAR
AIAR,AVBL
AIAR,AVDR
AIAR,AVER
AIAR,AVKL
AIAR,AWAR
AIAR,DA6
AIAR,DB3
AIAR,IL1DL
AIAR,RIAR
AIAR,RMEL
AIAR,SMDVR
AIAR,URXR
AIAR,VB1
AIBL,AS4
AIBL,AUAR
AIBL,AVAL
AIBL,AVBR
AIBL,AVFL
AIBL,AVG
AIBL,AVM
AIBL,BAGR
AIBL,CEPVL
AIBL,DVA
AIBL,LUAR
AIBL,OLLL
AIBL,OLLR
AIBL,PDEL
AIBL,PVCR
AIBL,PVM
AIBL,PVPL
AIBL,RICR
AIBL,RIGL
AIBL,RIML
AIBL,RIMR
AIBL,RMDDL
AIBL,RMEV
AIBL,SABD
AIBL,SMDVL
AIBL,SMDVR
AIBL,URAVL
AIBL,URAVR
AIBL,VA12
AIBL,VC3
AIBL,VD7
AIBR,AIZR
AIBR,ASHR
AIBR,AVAR
AIBR,AVBL
AIBR,AVDL
AIBR,AVER
AIBR,AVJL
AIBR,AWAR
AIBR,BAGL
AIBR,CEPVR
AIBR,DA2
AIBR,DA7
AIBR,DVA
AIBR,HSNL
AIBR,HSNR
AIBR,I5
AIBR,OLQDL
AIBR,PVCL
AIBR,PVCR
AIBR,PVPL
AIBR,PVQR
AIBR,PVWL
AIBR,PVWR
AIBR,RICR
AIBR,RIH
AIBR,RIMR
AIBR,RIPL
AIBR,RIVL
AIBR,RMFL
AIBR,SAADL
AIBR,SABVL
AIBR,SDQR
AIBR,SMDDR
AIBR,SMDVL
AIBR,SMDVR
AIBR,VB1
AIBR,VD9
AIML,AIZR
AIML,AVAR
AIML,AVBL
AIML,AVER
AIML,AVJR
AIML,CEPVR
AIML,HSNR
AIML,RICL
AIML,RIMR
AIML,RIPL
AIML,RIS
AIML,RMDDL
AIML,RMEV
AIML,SABVL
AIML,SMBDL
AIML,VD6
AIMR,AIZR
AIMR,AVFR
AIMR,AVKL
AIMR,AWAR
AIMR,AWBL
AIMR,DA1
AIMR,PVPL
AIMR,PVQR
AIMR,RIBL
AIMR,RMDL
AIMR,VA10
AIMR,VA8
AINL,AVAR
AINL,AVBR
AINL,DVC
AINL,PVCL
AINL,PVNR
AINL,RICR
AINL,RIFL
AINL,SAAVL
AINL,SMDDR
AINR,ASEL
AINR,ASER
AINR,AVBR
AINR,AVJL
AINR,AWAR
AINR,DB5
AINR,OLQDR
AINR,PDER
AINR,PVCR
AINR,RMDVL
AINR,RMEV
AINR,SIBDL
AINR,URADR
AIYL,ASER
AIYL,AVAL
AIYL,DB1
AIYL,DD1
AIYL,DD6
AIYL,DVA
AIYL,DVC
AIYL,OLQVL
AIYL,PDA
AIYL,PVPR
AIYL,RIFR
AIYL,RMFL
AIYL,VC5
AIYL,VD3
AIYR,ASER
AIYR,AVAR
AIYR,DB7
AIYR,DVA
AIYR,DVC
AIYR,OLLL
AIYR,PHCR
AIYR,PVCL
AIYR,PVCR
AIYR,PVPL
AIYR,RMDL
AIYR,URYDL
AIYR,VA11
AIZL,ASIL
AIZL,AUAR
AIZL,AVBR
AIZL,AVJR
AIZL,DA2
AIZL,DD2
AIZL,LUAR
AIZL,M3L
AIZL,OLLR
AIZL,PLMR
AIZL,PVNL
AIZL,PVQL
AIZL,RIAR
AIZL,RICR
AIZL,RIPR
AIZL,RIVL
AIZL,RMDDL
AIZL,RMDR
AIZL,RMGL
AIZL,SMDVR
AIZL,URXR
AIZL,VA12
AIZL,VD5
AIZR,ALML
AIZR,AS3
AIZR,AVAL
AIZR,AVAR
AIZR,AVBL
AIZR,AVHR
AIZR,AVJR
AIZR,AWAL
AIZR,AWAR
AIZR,AWCL
AIZR,DA1
AIZR,DB4
AIZR,DD6
AIZR,IL2R
AIZR,M2R
AIZR,PVCR
AIZR,PVPR
AIZR,PVR
AIZR,RMGR
AIZR,URYDL
AIZR,VB2
ALA,ASGR
ALA,AVBR
ALA,AVEL
ALA,I3
ALA,MI
ALA,SMDDL
ALA,URAVL
ALA,VA3
ALML,ASEL
ALML,AUAL
ALML,AVAR
ALML,AVHR
ALML,AVKR
ALML,PVQR
ALML,RIBR
ALML,RMDVR
ALML,SDQL
ALML,URYVR
ALML,VA12
ALML,VA9
ALMR,DB3
ALMR,I5
ALMR,OLLL
ALMR,RMDL
ALMR,SABVR
ALMR,SIAVL
ALMR,VA4
ALNL,AS10
ALNL,AVEL
ALNL,DB2
ALNL,IL2VL
ALNL,LUAL
ALNR,AVFR
ALNR,M3R
ALNR,PVCL
ALNR,PVR
ALNR,RMED
ALNR,URBR
ALNR,VC5
ALNR,VD13
AQR,AS5
AQR,AVBR
AQR,AVDR
AQR,AVER
AQR,AVHL
AQR,AVJR
AQR,DD1
AQR,DVC
AQR,HSNL
AQR,IL1R
AQR,LUAR
AQR,M3L
AQR,RICL
AQR,RIPR
AQR,RMDVR
AQR,SAAVR
AQR,SIBVR
AQR,VB2
AQR,VD5
AS1,AVAR
AS1,AVEL
AS1,AVG
AS1,AVL
AS1,DVA
AS1,DVB
AS1,PVNR
AS1,PVR
AS1,RIAL
AS1,SMDDL
AS1,VB6
AS10,AS5
AS10,AVAL
AS10,DB3
AS10,M2L
AS11,AWBR
AS11,RMEV
AS11,SAADR
AS11,SIBVL
AS11,VD7
AS2,AVBL
AS2,AVDL
AS2,CEPDR
AS2,FLPL
AS2,IL1R
AS2,LUAL
AS2,M2R
AS2,PVCL
AS2,RICL
AS2,VD4
AS3,AVJR
AS3,IL1R
AS3,IL2VL
AS3,MCL
AS3,PDER
AS3,PHBR
AS3,PVNL
AS3,RID
AS3,URBR
AS3,URYVL
AS3,VD6
AS4,AWAR
AS4,AWCL
AS4,AWCR
AS4,DA6
AS4,OLLR
AS4,PVQR
AS4,PVR
AS4,SAADR
AS5,AVAL
AS5,AVEL
AS5,AWAR
AS5,DB4
AS5,DVA
AS5,IL1DR
AS5,PHBL
AS5,PVCR
AS5,RIVL
AS5,RMER
AS6,DB6
AS6,HSNR
AS6,PHCR
AS6,PVNR
AS6,PVR
AS6,URADR
AS6,VA2
AS6,VC3
AS7,OLQDR
AS7,PLMR
AS7,PVPL
AS7,URXR
AS8,RIR
AS8,SDQL
AS9,AVDR
AS9,IL2VL
AS9,RICR
AS9,SDQR
ASEL,AVAR
ASEL,AVBL
ASEL,DA3
ASEL,DD1
ASEL,HSNL
ASEL,IL1R
ASEL,MCL
ASEL,PDEL
ASEL,PVNL
ASEL,PVPR
ASEL,PVT
ASEL,SMBVL
ASER,AVAR
ASER,AVJR
ASER,AVKR
ASER,CEPDL
ASER,DB5
ASER,MCR
ASER,RIMR
ASER,SMBVL
ASER,URYDL
ASER,VA4
ASER,VB4
ASGL,AVER
ASGL,AWCL
ASGL,CEPDL
ASGL,M2R
ASGL,PHCR
ASGL,RIAR
ASGR,AUAR
ASGR,AVBR
ASGR,PHBL
ASGR,RMGR
ASGR,SAAVR
ASGR,SABVL
ASGR,VA3
ASGR,VC3
ASHL,AVAR
ASHL,AVHR
ASHL,BAGR
ASHL,DB7
ASHL,FLPR
ASHL,M3R
ASHL,OLQVL
ASHL,PHBR
ASHL,PVCL
ASHL,RIBR
ASHL,RICL
ASHL,RMDDL
ASHL,RMDL
ASHL,SAADR
ASHL,SMDDL
ASHL,URAVL
ASHL,URXL
ASHL,VA12
ASHL,VA5
ASHL,VC2
ASHR,AVBL
ASHR,AVEL
ASHR,CEPDR
ASHR,DVA
ASHR,HSNR
ASHR,IL1R
ASHR,IL1VR
ASHR,PHCR
ASHR,PVCL
ASHR,PVT
ASHR,RIAR
ASHR,RIBL
ASHR,RIMR
ASHR,RMEV
ASHR,SMDDL
ASHR,SMDVL
ASHR,URYVL
ASHR,VA11
ASHR,VA6
ASHR,VD3
ASIL,AVBL
ASIL,AVBR
ASIL,AVJR
ASIL,AVKR
ASIL,RIGL
ASIL,RIPL
ASIL,URYDR
ASIL,VD2
ASIR,AVER
ASIR,PVCL
ASIR,RIPR
ASIR,RMFL
ASIR,SMDDR
ASIR,VD6
ASJL,MCL
ASJL,RIAL
ASJL,RIAR
ASJL,RMER
ASJL,SABD
ASJL,SDQR
ASJR,AVAL
ASJR,RICR
ASJR,RMDVR
ASJR,RMER
ASJR,RMEV
ASJR,RMFL
ASKL,AVKL
ASKL,AVKR
ASKL,DB1
ASKL,DD4
ASKL,HSNR
ASKL,M4
ASKL,NSML
ASKL,PQR
ASKL,PVWL
ASKL,RIBL
ASKL,RICR
ASKL,RIPR
ASKR,AVAL
ASKR,AVAR
ASKR,AVER
ASKR,AVM
ASKR,I2L
ASKR,PDER
ASKR,RIGL
ASKR,RMEL
ASKR,SMDDL
AUAL,AVAL
AUAL,I2L
AUAL,M1
AUAL,M3L
AUAL,OLQDR
AUAL,PVCR
AUAL,PVPR
AUAL,RIPL
AUAL,URYVL
AUAL,VA9
AUAL,VC2
AUAR,AVAL
AUAR,AVBL
AUAR,AVEL
AUAR,PVDL
AUAR,RIFR
AUAR,RIPR
AUAR,VA8
AUAR,VB5
AVAL,AVAR
AVAL,AVBL
AVAL,AVBR
AVAL,AVDL
AVAL,AVEL
AVAL,AVER
AVAL,AVG
AVAL,AVHL
AVAL,AVJL
AVAL,AVJR
AVAL,AWBL
AVAL,AWBR
AVAL,CEPDL
AVAL,CEPVL
AVAL,DA1
AVAL,DA2
AVAL,DA4
AVAL,DA9
AVAL,DB2
AVAL,DB4
AVAL,DB6
AVAL,DD2
AVAL,DD3
AVAL,DD4
AVAL,I1R
AVAL,I3
AVAL,I4
AVAL,I6
AVAL,IL1DR
AVAL,IL1VL
AVAL,IL2DL
AVAL,IL2L
AVAL,IL2R
AVAL,IL2VR
AVAL,LUAR
AVAL,M1
AVAL,M3L
AVAL,MCL
AVAL,NSML
AVAL,OLLR
AVAL,OLQDL
AVAL,PDA
AVAL,PHAL
AVAL,PVCR
AVAL,PVDL
AVAL,PVDR
AVAL,PVPL
AVAL,PVWL
AVAL,RIAL
AVAL,RIBR
AVAL,RICL
AVAL,RIGL
AVAL,RIGR
AVAL,RIH
AVAL,RIPL
AVAL,RIVR
AVAL,RMFL
AVAL,RMFR
AVAL,RMGL
AVAL,RMHR
AVAL,SAAVL
AVAL,SABD
AVAL,SABVL
AVAL,SDQR
AVAL,SIADL
AVAL,SMDDR
AVAL,URAVR
AVAL,URXR
AVAL,URYDR
AVAL,URYVL
AVAL,VA1
AVAL,VA5
AVAL,VA7
AVAL,VA9
AVAL,VB1
AVAL,VB4
AVAL,VB5
AVAL,VB6
AVAL,VD1
AVAL,VD12
AVAR,AVBR
AVAR,AVDL
AVAR,AVDR
AVAR,AVEL
AVAR,AVG
AVAR,AVJR
AVAR,AVKL
AVAR,AVKR
AVAR,AVL
AVAR,AVM
AVAR,AWBL
AVAR,AWCL
AVAR,BAGR
AVAR,CEPDL
AVAR,CEPVL
AVAR,DA2
AVAR,DA3
AVAR,DA5
AVAR,DA9
AVAR,DD1
AVAR,DD2
AVAR,DD3
AVAR,DD6
AVAR,DVB
AVAR,DVC
AVAR,FLPR
AVAR,HSNR
AVAR,I1L
AVAR,I5
AVAR,IL1VR
AVAR,IL2VL
AVAR,LUAR
AVAR,M3L
AVAR,M3R
AVAR,OLQVR
AVAR,PDEL
AVAR,PLMR
AVAR,PQR
AVAR,PVCL
AVAR,PVCR
AVAR,PVNL
AVAR,PVNR
AVAR,PVPR
AVAR,PVQR
AVAR,RIAL
AVAR,RIBL
AVAR,RICR
AVAR,RIFL
AVAR,RIML
AVAR,RIMR
AVAR,RMDDL
AVAR,RMDL
AVAR,RMDVR
AVAR,RMFR
AVAR,RMHL
AVAR,SAADL
AVAR,SDQR
AVAR,SIBDR
AVAR,SMBDR
AVAR,SMDDR
AVAR,URAVR
AVAR,URBL
AVAR,URBR
AVAR,URXL
AVAR,URXR
AVAR,URYVL
AVAR,VA12
AVAR,VB1
AVAR,VB8
AVAR,VC3
AVAR,VC4
AVAR,VC5
AVAR,VD10
AVAR,VD2
AVAR,VD6
AVBL,AVDL
AVBL,AVDR
AVBL,AVEL
AVBL,AVER
AVBL,AVFL
AVBL,AVFR
AVBL,AVG
AVBL,AVJR
AVBL,AVKL
AVBL,AWAR
AVBL,AWCR
AVBL,BAGL
AVBL,BAGR
AVBL,CEPDL
AVBL,CEPVL
AVBL,DA5
AVBL,HSNR
AVBL,I2L
AVBL,I2R
AVBL,IL1VR
AVBL,NSML
AVBL,OLLL
AVBL,OLLR
AVBL,PDEL
AVBL,PHAR
AVBL,PHBL
AVBL,PVCL
AVBL,PVM
AVBL,PVNL
AVBL,PVNR
AVBL,PVPL
AVBL,PVQL
AVBL,PVR
AVBL,PVT
AVBL,PVWL
AVBL,RIAL
AVBL,RIBR
AVBL,RICL
AVBL,RID
AVBL,RIGL
AVBL,RIGR
AVBL,RIML
AVBL,RIPR
AVBL,RIVL
AVBL,RMDR
AVBL,RMDVL
AVBL,RMDVR
AVBL,RMFL
AVBL,RMHR
AVBL,SAADR
AVBL,SAAVR
AVBL,SIBVR
AVBL,SMBDR
AVBL,URYVL
AVBL,VA12
AVBL,VA6
AVBL,VA7
AVBL,VA9
AVBL,VB1
AVBL,VB11
AVBL,VB3
AVBL,VB6
AVBL,VC1
AVBL,VD1
AVBR,AVDL
AVBR,AVDR
AVBR,AVEL
AVBR,AVER
AVBR,AVJL
AVBR,AVL
AVBR,AVM
AVBR,AWBR
AVBR,AWCR
AVBR,BDUR
AVBR,CEPDR
AVBR,CEPVR
AVBR,DA3
AVBR,DA6
AVBR,DA8
AVBR,DA9
AVBR,DD1
AVBR,DD2
AVBR,DVA
AVBR,FLPL
AVBR,HSNR
AVBR,IL1DL
AVBR,IL1DR
AVBR,IL2R
AVBR,M1
AVBR,M2R
AVBR,OLQVR
AVBR,PDA
AVBR,PHBL
AVBR,PQR
AVBR,PVCR
AVBR,PVDR
AVBR,PVNL
AVBR,PVPR
AVBR,RIAL
AVBR,RIAR
AVBR,RIML
AVBR,RIPR
AVBR,RIS
AVBR,RMDDR
AVBR,RMDL
AVBR,RMGR
AVBR,SAADR
AVBR,SIADR
AVBR,SIBDR
AVBR,SMBVR
AVBR,SMDDR
AVBR,SMDVL
AVBR,URXR
AVBR,URYVL
AVBR,URYVR
AVBR,VA2
AVBR,VB3
AVBR,VB8
AVBR,VB9
AVBR,VC1
AVBR,VD1
AVBR,VD6
AVBR,VD7
AVDL,AVG
AVDL,AVJR
AVDL,CEPDR
AVDL,DA2
AVDL,DB2
AVDL,DD1
AVDL,DD2
AVDL,DVC
AVDL,FLPL
AVDL,I1R
AVDL,IL1VL
AVDL,IL2R
AVDL,IL2VR
AVDL,M1
AVDL,OLLL
AVDL,PDEL
AVDL,PHAR
AVDL,PLMR
AVDL,PVPL
AVDL,PVWL
AVDL,RIAL
AVDL,RIBR
AVDL,RIGL
AVDL,RIMR
AVDL,RMDDL
AVDL,RMDL
AVDL,RMGL
AVDL,RMHL
AVDL,SIBDR
AVDL,URXL
AVDL,VA3
AVDL,VA8
AVDL,VB6
AVDL,VC1
AVDL,VC3
AVDL,VD13
AVDR,AVER
AVDR,AVFR
AVDR,AVHR
AVDR,AVJL
AVDR,AVJR
AVDR,AVL
AVDR,AVM
AVDR,AWCR
AVDR,BDUR
AVDR,CEPDL
AVDR,DD1
AVDR,DD6
AVDR,DVC
AVDR,FLPL
AVDR,HSNR
AVDR,I5
AVDR,IL1DL
AVDR,IL1L
AVDR,IL2DR
AVDR,M3L
AVDR,M4
AVDR,OLQDL
AVDR,PHBL
AVDR,PVCR
AVDR,PVPL
AVDR,PVR
AVDR,RIAL
AVDR,RIAR
AVDR,RIBL
AVDR,RICL
AVDR,RIFL
AVDR,RIML
AVDR,RIS
AVDR,RMDVL
AVDR,RMEL
AVDR,RMER
AVDR,SAADL
AVDR,SMBVL
AVDR,VA12
AVDR,VA5
AVDR,VA9
AVDR,VB1
AVDR,VB3
AVDR,VB9
AVDR,VC1
AVDR,VD13
AVDR,VD3
AVEL,AVFL
AVEL,AVG
AVEL,AWCL
AVEL,BAGL
AVEL,CEPDL
AVEL,CEPDR
AVEL,DA9
AVEL,DB3
AVEL,DB4
AVEL,DVA
AVEL,HSNL
AVEL,HSNR
AVEL,I1L
AVEL,I1R
AVEL,I6
AVEL,IL1DL
AVEL,IL2VL
AVEL,M1
AVEL,M3R
AVEL,PHCL
AVEL,PLML
AVEL,PVNL
AVEL,RIAL
AVEL,RIBR
AVEL,RIFL
AVEL,RIGL
AVEL,RIGR
AVEL,RIH
AVEL,RIR
AVEL,RMDL
AVEL,RMDR
AVEL,RMDVR
AVEL,SAADL
AVEL,SABVR
AVEL,SMBDL
AVEL,SMDDR
AVEL,URAVR
AVEL,VA2
AVEL,VC2
AVEL,VC5
AVEL,VD2
AVEL,VD6
AVER,AVFR
AVER,AVJL
AVER,AWCL
AVER,CEPDR
AVER,CEPVR
AVER,DA2
AVER,DA3
AVER,DD4
AVER,DD5
AVER,DVA
AVER,FLPR
AVER,I4
AVER,IL1DL
AVER,IL1VL
AVER,M1
AVER,M2R
AVER,MCL
AVER,PHAL
AVER,PHAR
AVER,PLMR
AVER,PVCL
AVER,PVCR
AVER,PVPL
AVER,RIAL
AVER,RIBR
AVER,RICR
AVER,RIGL
AVER,RIGR
AVER,RIML
AVER,RIPR
AVER,RIS
AVER,RMDVR
AVER,RMER
AVER,RMEV
AVER,SDQL
AVER,SIAVR
AVER,SMBDR
AVER,URBL
AVER,URYDL
AVER,URYVR
AVER,VA2
AVER,VA4
AVER,VD5
AVER,VD6
AVFL,AVJL
AVFL,AVJR
AVFL,DB4
AVFL,DB6
AVFL,HSNL
AVFL,HSNR
AVFL,M3L
AVFL,OLLR
AVFL,PVR
AVFL,RIAR
AVFL,RIFL
AVFL,RIMR
AVFL,RIS
AVFL,RMDDR
AVFL,RMED
AVFL,RMEL
AVFL,RMEV
AVFL,SIADR
AVFL,VC2
AVFR,CEPDL
AVFR,CEPVR
AVFR,I5
AVFR,PDA
AVFR,PVNR
AVFR,RIGL
AVFR,RMDDR
AVFR,RMER
AVFR,RMEV
AVFR,RMGR
AVFR,SMBVL
AVFR,SMDVR
AVFR,URADR
AVFR,VB4
AVG,AVHR
AVG,AVL
AVG,M4
AVG,OLLL
AVG,OLQDL
AVG,PHAL
AVG,PHCL
AVG,PVCR
AVG,RIBL
AVG,RIGR
AVG,RIPL
AVG,RIVR
AVG,SMDVR
AVHL,AVKL
AVHL,AVKR
AVHL,AVL
AVHL,AVM
AVHL,DA4
AVHL,DVA
AVHL,HSNL
AVHL,OLQVL
AVHL,PVT
AVHL,RICL
AVHL,RIMR
AVHL,RIR
AVHL,RMDR
AVHL,RMEV
AVHL,SAADR
AVHL,SAAVL
AVHL,SMBDL
AVHL,URXR
AVHL,VA2
AVHL,VD3
AVHR,AVJL
AVHR,AWAR
AVHR,CEPDL
AVHR,DVA
AVHR,DVB
AVHR,MCR
AVHR,NSML
AVHR,OLQDL
AVHR,OLQDR
AVHR,PVPR
AVHR,RIAR
AVHR,RIBL
AVHR,SDQR
AVHR,VA9
AVHR,VC1
AVHR,VD4
AVJL,AVM
AVJL,BAGL
AVJL,DA4
AVJL,DD2
AVJL,I6
AVJL,IL2L
AVJL,M1
AVJL,M3R
AVJL,MI
AVJL,NSML
AVJL,NSMR
AVJL,PHBR
AVJL,RIFL
AVJL,RIFR
AVJL,RIGR
AVJL,RIML
AVJL,RIPR
AVJL,RMDDR
AVJL,SMBDR
AVJL,VA3
AVJL,VD10
AVJR,AVKL
AVJR,DA1
AVJR,FLPL
AVJR,IL1DR
AVJR,PVNR
AVJR,PVWR
AVJR,RIAL
AVJR,RIR
AVJR,SAAVR
AVJR,SMBDR
AVJR,SMBVR
AVJR,VA12
AVJR,VB1
AVJR,VB2
AVJR,VD1
AVKL,AVL
AVKL,AVM
AVKL,CEPDL
AVKL,CEPVL
AVKL,DVC
AVKL,FLPL
AVKL,FLPR
AVKL,HSNR
AVKL,I1R
AVKL,IL2DR
AVKL,IL2VL
AVKL,M5
AVKL,MCL
AVKL,PDER
AVKL,PHBL
AVKL,RIBR
AVKL,RICR
AVKL,RIH
AVKL,RIVL
AVKL,RMEL
AVKL,RMGR
AVKL,SIBVR
AVKL,SMBDR
AVKL,VA11
AVKL,VB3
AVKL,VB8
AVKL,VB9
AVKR,AWAL
AVKR,DA2
AVKR,DA5
AVKR,PLMR
AVKR,PVCL
AVKR,PVR
AVKR,RIBL
AVKR,RMDL
AVKR,RMFL
AVKR,RMGL
AVKR,RMHL
AVKR,SABD
AVKR,SDQL
AVKR,SMDDL
AVKR,URADR
AVKR,VA8
AVKR,VB9
AVL,AWBL
AVL,CEPVR
AVL,DVA
AVL,M5
AVL,OLQVR
AVL,PVCL
AVL,PVR
AVL,RIML
AVL,RIS
AVL,RIVR
AVL,RMDVL
AVL,URBR
AVL,VA12
AVL,VB11
AVL,VB2
AVL,VD12
AVL,VD2
AVM,AWBL
AVM,DVB
AVM,I1L
AVM,M3L
AVM,RIBL
AVM,RIS
AVM,RMEV
AVM,VD4
AWAL,CEPVR
AWAL,I3
AWAL,IL1L
AWAL,IL2R
AWAL,RMGR
AWAL,RMHL
AWAL,SDQL
AWAR,DVA
AWAR,HSNL
AWAR,OLLL
AWAR,PVT
AWAR,RMDL
AWAR,VB10
AWBL,PHCR
AWBL,PVCL
AWBL,PVCR
AWBL,PVNL
AWBL,PVR
AWBL,RIS
AWBL,SMDDL
AWBR,BAGL
AWBR,DA2
AWBR,FLPL
AWBR,LUAR
AWBR,RIAR
AWBR,RICR
AWBR,RIGR
AWBR,RMDDL
AWBR,VA7
AWBR,VD4
AWBR,VD7
AWCL,DB3
AWCL,FLPR
AWCL,OLQVL
AWCL,RIBR
AWCL,RICR
AWCL,RMDVL
AWCR,BDUL
AWCR,DB1
AWCR,OLQVL
AWCR,PVCL
AWCR,RIAR
AWCR,RMDL
AWCR,RMED
AWCR,RMGL
BAGL,IL2L
BAGL,NSML
BAGL,RIBL
BAGL,RIPL
BAGL,RMDDR
BAGL,SMDDL
BAGL,VB1
BAGR,DA6
BAGR,DVB
BAGR,I1L
BAGR,I1R
BAGR,RMEV
BAGR,RMFR
BAGR,VB4
BAGR,VB8
BDUL,DA3
BDUL,DVA
BDUL,OLLL
BDUL,PVCR
BDUL,RMDDR
BDUL,RMDVL
BDUL,SIBVR
BDUL,URYVR
BDUL,VB8
BDUL,VD5
BDUR,CEPDL
BDUR,DVC
BDUR,PVDR
BDUR,RIBL
BDUR,RIML
BDUR,SAADL
BDUR,SIADL
BDUR,SMDDR
BDUR,URADL
BDUR,VB8
BDUR,VD11
CEPDL,DB5
CEPDL,OLLR
CEPDL,PHAR
CEPDL,PVCL
CEPDL,RIMR
CEPDL,RMGR
CEPDL,SIAVL
CEPDL,SMBDL
CEPDL,SMDDL
CEPDR,CEPVR
CEPDR,DB3
CEPDR,DD4
CEPDR,DVA
CEPDR,I1R
CEPDR,IL1R
CEPDR,OLLR
CEPDR,PLMR
CEPDR,PVCR
CEPDR,PVR
CEPDR,RIAR
CEPDR,RIBR
CEPDR,RICL
CEPDR,SAADR
CEPDR,VA2
CEPDR,VC5
CEPVL,FLPL
CEPVL,I4
CEPVL,PDER
CEPVL,PVCL
CEPVL,RIBL
CEPVL,RIBR
CEPVL,URBL
CEPVL,VB7
CEPVL,VC3
CEPVL,VD2
CEPVR,DB1
CEPVR,DB5
CEPVR,DVA
CEPVR,I6
CEPVR,RIBL
CEPVR,RIMR
CEPVR,RMGR
CEPVR,SDQL
CEPVR,SMBDR
CEPVR,URAVR
CEPVR,VC2
DA1,I1L
DA1,IL1DR
DA1,OLQVL
DA1,RIH
DA1,RIML
DA1,RIMR
DA1,SIAVR
DA1,URYVL
DA1,VA8
DA2,DD1
DA2,IL2R
DA2,PVPR
DA2,RIML
DA2,RIVR
DA2,VC2
DA2,VD2
DA3,DB4
DA3,PVCR
DA3,RIAL
DA3,RICR
DA3,RIMR
DA3,RIVR
DA3,SIAVL
DA3,URXR
DA4,DB6
DA4,OLQDR
DA4,PVNL
DA4,RIAR
DA4,RMDVR
DA4,RMGR
DA4,SMDDL
DA4,VC3
DA5,DD3
DA5,MI
DA5,OLLL
DA5,RIGL
DA5,RIR
DA5,SIAVR
DA5,SIBVL
DA5,URXR
DA5,VB9
DA6,DB1
DA6,NSML
DA6,RIBL
DA6,URBR
DA7,PVPR
DA8,I1R
DA8,IL1L
DA8,PVCL
DA8,RIGL
DA8,RIH
DA8,RMDVL
DA8,SIBDR
DA8,VC2
DA8,VC3
DA9,DB3
DA9,DVA
DA9,IL1R
DA9,IL1VR
DA9,PHAL
DA9,PVNL
DA9,RICR
DA9,RIFR
DB1,I2L
DB1,PHCL
DB1,PVPR
DB1,RIAL
DB1,RIGL
DB1,RIPR
DB1,RMGR
DB1,SAADR
DB1,SDQR
DB1,VC2
DB2,IL1R
DB2,RIBL
DB2,RIBR
DB2,RIFL
DB2,RIH
DB2,RIS
DB2,URXR
DB2,VB5
DB2,VB6
DB3,DD1
DB3,DVC
DB3,HSNL
DB3,I1L
DB3,OLLL
DB3,OLLR
DB3,PLML
DB3,PVCR
DB3,PVPL
DB3,PVR
DB3,RIBR
DB3,URYDR
DB4,DD2
DB4,FLPL
DB4,FLPR
DB4,PHBR
DB4,PVNR
DB4,PVQR
DB4,RMDVL
DB4,VA12
DB5,PHBR
DB5,RIFR
DB5,VC2
DB6,PQR
DB6,RIAL
DB6,URYVR
DB7,DD2
DB7,I2R
DB7,PVNL
DB7,RMED
DB7,SMBDR
DD1,DVB
DD1,HSNR
DD1,I4
DD1,NSMR
DD1,PHAL
DD1,RIFR
DD1,RIGL
DD1,RIPL
DD1,RIR
DD1,VB4
DD1,VC2
DD1,VD1
DD2,DD5
DD2,IL2VR
DD2,OLLR
DD2,PVCR
DD2,PVQL
DD2,PVT
DD2,RIGR
DD2,RMDL
DD2,RMFL
DD2,SAADR
DD2,VB5
DD2,VC3
DD3,DVA
DD3,FLPR
DD3,HSNL
DD3,LUAL
DD3,RIAR
DD3,RIR
DD3,RMGL
DD3,SMDVL
DD3,VC3
DD3,VD6
DD4,OLQDL
DD4,PVCL
DD4,URXR
DD5,PVT
DD5,RIML
DD5,RMEV
DD5,VD3
DD6,I1L
DD6,OLQVL
DD6,RMED
DD6,SABVR
DVA,M1
DVA,OLQVL
DVA,PHCL
DVA,PLMR
DVA,PVCL
DVA,PVDR
DVA,PVQR
DVA,RICL
DVA,RICR
DVA,RIPL
DVA,RMDDR
DVA,RMDL
DVA,RMDVR
DVA,RMGR
DVA,RMHL
DVA,SABVL
DVA,SIBVL
DVA,SMBDL
DVA,SMBDR
DVA,SMDDL
DVA,URYVR
DVA,VA11
DVA,VA3
DVA,VA4
DVA,VB2
DVA,VC3
DVA,VD4
DVB,OLLR
DVB,PVPR
DVB,SMBDR
DVB,SMDDL
DVC,HSNL
DVC,M1
DVC,NSMR
DVC,PHAL
DVC,PVCL
DVC,RIGR
DVC,RIH
DVC,RIPR
DVC,RIR
DVC,RMDR
DVC,RMFR
DVC,RMHL
DVC,SDQL
DVC,SIAVL
DVC,SMBVR
DVC,VB9
DVC,VC3
FLPL,HSNR
FLPL,RIAR
FLPL,RMGR
FLPL,SMDVR
FLPL,VA12
FLPL,VD2
FLPR,LUAR
FLPR,PHAL
FLPR,PVCL
FLPR,PVDL
FLPR,RID
FLPR,RIFR
FLPR,RMFR
FLPR,VA2
FLPR,VB4
HSNL,IL2VR
HSNL,PVCR
HSNL,PVWL
HSNL,RID
HSNL,RMDR
HSNL,SAAVL
HSNL,SABVR
HSNL,SMDVL
HSNL,VB1
HSNL,VB10
HSNL,VB7
HSNL,VD6
HSNR,I5
HSNR,IL1DL
HSNR,IL2R
HSNR,NSMR
HSNR,OLQVR
HSNR,PHBR
HSNR,PVCL
HSNR,PVPR
HSNR,RIAR
HSNR,RIH
HSNR,RMDDL
HSNR,SIAVL
HSNR,SMDDR
HSNR,URADL
HSNR,URYVR
HSNR,VA1
HSNR,VC5
HSNR,VD3
HSNR,VD7
I1L,M5
I1L,OLLL
I1L,PVCR
I1L,RIH
I1L,RIVL
I1L,SMBVL
I1L,VB4
I1L,VC1
I1L,VD2
I1L,VD3
I1R,IL1L
I1R,IL2R
I1R,OLQVR
I1R,PVCL
I1R,PVPL
I1R,RIBL
I1R,RIPL
I1R,SAAVR
I1R,VB1
I1R,VC2
I2L,MCL
I2L,RIBR
I2L,VA9
I2L,VC1
I2R,M4
I2R,RICL
I2R,RIGR
I2R,RIPR
I2R,SMDDL
I2R,VB4
I3,MCL
I3,PVNR
I3,RIAL
I3,RIVR
I3,RMDVL
I3,RMDVR
I3,RMGL
I3,VA6
I3,VB3
I3,VC5
I3,VD1
I4,IL1DR
I4,IL2VL
I4,SMDVR
I4,URADR
I4,VB1
I5,IL1L
I5,IL2L
I5,RIGL
I5,RMGL
I5,VB6
I6,PDER
I6,PVNR
I6,RIFR
I6,RMDVR
I6,SABD
IL1DL,PVPR
IL1DL,PVQR
IL1DL,RIGR
IL1DL,URYVL
IL1DL,VA2
IL1DL,VB10
IL1DL,VC1
IL1DR,PVCR
IL1DR,RIPL
IL1DR,RMDDL
IL1DR,VA10
IL1L,RMDVL
IL1L,RMDVR
IL1L,SAAVL
IL1L,SABVL
IL1L,URXR
IL1L,VD2
IL1R,OLQVR
IL1R,PVCR
IL1R,PVPR
IL1R,RIAL
IL1R,RIPR
IL1R,RIVL
IL1R,RMDDL
IL1R,RMHR
IL1R,URYDR
IL1R,VA8
IL1VL,IL2L
IL1VL,MCL
IL1VL,PVCR
IL1VL,RMGR
IL1VL,SMBDL
IL1VL,VB11
IL1VL,VB5
IL1VL,VD5
IL1VR,IL2R
IL1VR,LUAL
IL1VR,PHAR
IL1VR,PQR
IL1VR,PVPL
IL1VR,SIBVR
IL1VR,VD8
IL2DL,OLQVL
IL2DL,PVCL
IL2DL,RIH
IL2DL,RIMR
IL2DL,RMDVL
IL2DL,RMHL
IL2DL,VB6
IL2DR,M3L
IL2DR,PVCR
IL2DR,RMDVL
IL2DR,RMGL
IL2DR,VA2
IL2DR,VD1
IL2DR,VD5
IL2L,OLQDL
IL2L,RIVR
IL2L,RMDDL
IL2L,RMEV
IL2L,RMHR
IL2L,VA11
IL2L,VA12
IL2L,VA4
IL2R,IL2VR
IL2R,NSML
IL2R,RIML
IL2VL,OLLL
IL2VL,VB11
IL2VL,VC2
IL2VL,VD4
IL2VR,PVCR
IL2VR,PVT
IL2VR,RIS
IL2VR,RMEL
IL2VR,SAAVR
LUAL,PVNR
LUAL,RIAR
LUAL,RICR
LUAL,RIGL
LUAL,SAAVL
LUAL,SMDDL
LUAL,VB1
LUAL,VD13
LUAR,M3L
LUAR,RIAR
LUAR,RIBR
LUAR,VB8
M1,OLQDL
M1,RIPL
M1,SMBDL
M1,SMBDR
M1,VB8
M2L,M2R
M2L,M4
M2L,PVR
M2L,RMDR
M2L,RMER
M2L,URYVR
M2L,VC2
M2R,MI
M2R,PVCR
M2R,PVQR
M2R,RIBR
M2R,URBR
M3L,PVNR
M3L,RIR
M3R,NSMR
M3R,PHAR
M3R,PVCR
M3R,RIGL
M3R,RIH
M3R,RIS
M3R,RMDDR
M3R,SAAVR
M3R,VC3
M4,RIAR
M4,RIR
M4,RMDDR
M4,RMEL
M4,URBL
M4,URBR
M5,PVT
M5,RIBR
M5,RIGL
M5,RIML
M5,VC3
MCL,RMGL
MCL,VC3
MCR,PVWL
MCR,RIAR
MCR,RIBL
MCR,RIVL
MCR,VA3
MI,OLLR
MI,PVQR
MI,RIMR
MI,RIS
MI,RMDL
MI,SIBVL
MI,URXL
MI,VD2
NSML,RID
NSML,RMGR
NSMR,OLQVL
NSMR,PVCL
NSMR,RIFR
NSMR,RIVR
NSMR,RMFR
NSMR,VD5
OLLL,OLQVR
OLLL,RIFL
OLLL,RMEV
OLLL,SMDDR
OLLL,VA7
OLLR,PVWL
OLLR,RIAL
OLLR,RIAR
OLLR,RIBL
OLLR,RIML
OLLR,SMBDL
OLLR,VB9
OLLR,VC2
OLLR,VC3
OLQDL,PVCR
OLQDL,PVPL
OLQDL,RID
OLQDL,SMBVL
OLQDL,VD12
OLQDR,OLQVR
OLQDR,PVCL
OLQDR,RID
OLQDR,RIML
OLQDR,RIVR
OLQDR,SMBDL
OLQDR,URXL
OLQDR,VA11
OLQDR,VD10
OLQDR,VD5
OLQVL,RMDR
OLQVL,RMEL
OLQVL,VA12
OLQVL,VA6
OLQVL,VD4
OLQVR,PVCL
OLQVR,PVNR
OLQVR,RICR
OLQVR,RIGL
OLQVR,RMDR
OLQVR,URYDL
PDA,RIAR
PDA,URADR
PDB,RIH
PDB,RMDDR
PDB,SABD
PDEL,PVPR
PDEL,RID
PDEL,RIGL
PDEL,VA9
PDEL,VD6
PDER,PVCL
PDER,PVNL
PDER,RIAL
PDER,RIH
PDER,VA3
PHAL,RIBL
PHAL,RMER
PHAL,SABVL
PHAR,RIGR
PHAR,RIML
PHAR,RMER
PHBL,PVCR
PHBL,SIBVR
PHBL,SMDDR
PHBR,PVCR
PHBR,PVQR
PHBR,RIAL
PHBR,RIBL
PHBR,RICL
PHBR,RIR
PHBR,RMDVR
PHCL,RIS
PHCL,SIBVR
PHCL,URYVR
PHCL,VB2
PHCR,RMGR
PHCR,VA5
PLML,PVCL
PLML,RMED
PLMR,PVQR
PLMR,RIBL
PLMR,RIFR
PLMR,RMDL
PLMR,RMFL
PLNL,PVCR
PLNL,RIFR
PLNR,RIBR
PLNR,VB1
PQR,RIAR
PQR,RIVL
PQR,SDQR
PQR,SIADL
PVCL,PVCR
PVCL,PVT
PVCL,RIAR
PVCL,RIBL
PVCL,RIGL
PVCL,RIGR
PVCL,RIMR
PVCL,RIR
PVCL,RMDDL
PVCL,RMDL
PVCL,RMDR
PVCL,RMGL
PVCL,RMGR
PVCL,RMHL
PVCL,SAAVL
PVCL,SIBVL
PVCL,SMDDR
PVCL,SMDVL
PVCL,URYVR
PVCL,VA2
PVCL,VA8
PVCL,VC3
PVCR,PVDL
PVCR,PVQR
PVCR,PVR
PVCR,PVT
PVCR,RIGL
PVCR,RIGR
PVCR,RIPL
PVCR,RIR
PVCR,RIS
PVCR,RIVL
PVCR,RIVR
PVCR,RMER
PVCR,RMGR
PVCR,RMHL
PVCR,SAAVR
PVCR,SMDDL
PVCR,URADL
PVCR,VA1
PVDL,PVNR
PVDL,RIS
PVDL,VA3
PVDR,RID
PVDR,RMGL
PVDR,URXL
PVM,RICR
PVM,RMDVL
PVM,URAVL
PVM,URBR
PVM,VB7
PVM,VD3
PVNL,PVR
PVNL,RIAR
PVNL,RIFR
PVNL,RIS
PVNL,RMDVR
PVNL,RMGL
PVNL,SAAVR
PVNL,SABVL
PVNL,VB11
PVNL,VC3
PVNL,VD2
PVNR,RIAL
PVNR,RIBL
PVNR,RIGR
PVNR,RIH
PVNR,RIML
PVNR,RMDDR
PVNR,RMDL
PVNR,SMDDL
PVNR,URXR
PVNR,VB7
PVPL,RIFR
PVPL,RIH
PVPL,RMDR
PVPL,VA12
PVPL,VB6
PVPL,VC2
PVPL,VD4
PVPL,VD7
PVPR,RICL
PVPR,RIFL
PVPR,RIH
PVPR,RMGL
PVPR,SIBVR
PVPR,SMBVL
PVPR,SMDDR
PVPR,URBL
PVQL,PVWR
PVQL,RIBL
PVQL,RIBR
PVQL,RICR
PVQL,RIS
PVQL,SMDDR
PVQL,SMDVL
PVQL,SMDVR
PVQL,URXR
PVQL,VA12
PVQL,VC5
PVQR,PVT
PVQR,RIAL
PVQR,RMDR
PVQR,RMFL
PVQR,SIADL
PVQR,SMBDL
PVQR,SMBVR
PVQR,URBR
PVQR,VB8
PVQR,VD2
PVR,PVT
PVR,RIGL
PVR,RIPR
PVR,RIS
PVR,RIVL
PVR,RMDL
PVR,RMGL
PVR,VA12
PVR,VA9
PVR,VC5
PVR,VD11
PVR,VD4
PVR,VD6
PVT,RIAL
PVT,RIBR
PVT,RIML
PVT,RIPL
PVT,RMED
PVT,SMDVL
PVT,SMDVR
PVT,URBL
PVT,URXR
PVT,VA4
PVT,VB10
PVT,VC4
PVT,VD5
PVWL,RMGL
PVWL,VA3
PVWR,SMDVL
PVWR,VB5
PVWR,VD1
RIAL,RICL
RIAL,RIGL
RIAL,RMDVR
RIAL,RMEV
RIAL,RMHR
RIAL,SAADL
RIAL,SIBVL
RIAL,VA6
RIAL,VA7
RIAL,VD11
RIAR,RIFL
RIAR,RIH
RIAR,RIML
RIAR,RIS
RIAR,RMDVR
RIAR,SAADL
RIAR,SABVL
RIAR,SMDDR
RIAR,URADR
RIAR,VD4
RIBL,RIGR
RIBL,RMDVR
RIBL,RMFL
RIBL,RMHR
RIBL,SIBDL
RIBL,VA11
RIBL,VA8
RIBL,VB1
RIBL,VB9
RIBL,VC1
RIBL,VD4
RIBL,VD9
RIBR,RICL
RIBR,RIFL
RIBR,RIR
RIBR,RMDL
RIBR,RMED
RIBR,RMER
RIBR,RMFL
RIBR,URADL
RIBR,URAVR
RIBR,URBL
RIBR,URYDL
RIBR,VA1
RIBR,VB1
RIBR,VD5
RICL,RIGR
RICL,RMDR
RICL,RMGL
RICL,RMHR
RICL,SDQL
RICL,SDQR
RICL,SMBVR
RICL,VA1
RICL,VD13
RICR,RIGR
RICR,RIS
RICR,RMGR
RICR,SIAVR
RICR,VB6
RID,RIH
RID,RIMR
RID,SMDVL
RID,VA12
RID,VA3
RID,VA6
RID,VB7
RIFL,URBL
RIFL,VD4
RIFR,RIH
RIFR,RIML
RIFR,SIADR
RIFR,SMDVL
RIFR,VC2
RIFR,VD10
RIGL,RIPL
RIGL,RMDDL
RIGL,SAADL
RIGL,SIBVR
RIGL,VC1
RIGL,VD13
RIGL,VD4
RIGL,VD9
RIGR,RMDL
RIGR,RMER
RIGR,SIBDL
RIGR,SMBDR
RIGR,URYVL
RIGR,VD3
RIH,RIR
RIH,RIS
RIH,RMDDL
RIH,RMDVL
RIH,RMGR
RIH,SMBDR
RIH,SMDDR
RIH,URXL
RIH,URYDL
RIH,VA10
RIH,VB2
RIML,RIPR
RIML,SMBVL
RIML,SMBVR
RIML,URBR
RIML,URYVR
RIML,VA8
RIML,VD1
RIML,VD13
RIMR,RIVR
RIMR,RMDDL
RIMR,RMGR
RIMR,RMHR
RIMR,SABD
RIMR,SMDDL
RIMR,SMDVL
RIMR,URXR
RIMR,VA8
RIMR,VA9
RIMR,VB2
RIMR,VB9
RIMR,VD5
RIMR,VD8
RIPL,RIS
RIPL,SMBVR
RIPR,VA11
RIPR,VD2
RIR,RIVR
RIR,SABD
RIR,VA12
RIR,VA4
RIR,VA7
RIR,VB2
RIS,RMDVR
RIS,SMBDL
RIS,SMBDR
RIS,VA5
RIVL,VD5
RIVR,SIBDR
RIVR,VA1
RMDDL,URYDL
RMDDL,VB10
RMDDL,VB8
RMDDL,VD1
RMDDR,RMDVL
RMDDR,RMEV
RMDDR,SMDDR
RMDDR,URAVR
RMDDR,VA4
RMDDR,VC2
RMDDR,VD7
RMDL,RMGL
RMDL,VB10
RMDR,RMDVL
RMDR,RMFR
RMDR,SABVL
RMDR,URXR
RMDR,VA8
RMDR,VB6
RMDR,VC4
RMDR,VD1
RMDR,VD2
RMDVL,VA7
RMDVL,VA9
RMDVL,VB10
RMDVL,VD13
RMDVR,RMFL
RMDVR,RMFR
RMDVR,SAADL
RMDVR,VA4
RMDVR,VB3
RMDVR,VD3
RMED,VD1
RMED,VD3
RMEL,SIAVL
RMEL,URBR
RMEL,VA12
RMER,SDQL
RMER,VA1
RMER,VA3
RMER,VC1
RMEV,URXL
RMEV,VA12
RMEV,VA2
RMFR,URYDL
RMGL,SAADR
RMGL,URAVL
RMGL,VA1
RMGL,VA7
RMGL,VC2
RMGL,VC4
RMGL,VD11
RMGL,VD3
RMGL,VD4
RMGR,VA8
RMGR,VB10
RMHR,VC1
SAADL,SABVR
SAADL,SIBDR
SAADL,SIBVL
SAADL,VD5
SAADR,VA8
SAADR,VB11
SAADR,VC1
SAADR,VD1
SAAVL,SABD
SAAVL,SDQL
SAAVL,SIADR
SAAVL,VD6
SAAVR,SIBDR
SABD,URBL
SABD,URXL
SABD,VA8
SABD,VB7
SABVR,SMDDR
SABVR,VB9
SABVR,VC3
SABVR,VD1
SDQR,SMBVL
SDQR,SMDVR
SDQR,URADR
SDQR,VD1
SIADL,VB10
SIAVR,VC3
SIAVR,VD12
SIBVL,SMBVR
SIBVL,VB5
SIBVL,VD10
SMBDL,VB5
SMBDL,VD1
SMBDR,VA5
SMBDR,VC4
SMBVL,VA5
SMBVR,URYVL
SMDDR,URBL
SMDDR,URYVR
SMDDR,VA11
SMDDR,VD1
SMDVL,URXL
SMDVL,VA5
SMDVL,VB6
SMDVL,VD5
SMDVR,URADL
SMDVR,URADR
SMDVR,VB11
SMDVR,VD1
URADL,VD13
URBL,VB3
URBL,VD10
URBR,VA9
URBR,VC3
URXL,VD2
URXL,VD4
URYDL,VB2
URYDR,VA3
URYDR,VC4
URYDR,VD10
URYDR,VD11
URYVL,VA6
URYVR,VA8
VA12,VD6
VA2,VB2
VA3,VA9
VA3,VD3
VA4,VA5
VA4,VC1
VA6,VD2
VA9,VB1
VB1,VD5
VB1,VD9
VB11,VD12
VB2,VC3
VB2,VD13
VB4,VD3
VD13,VD5
VD3,VD6
